渔船ID,lat,lon,速度,方向,time,type
8121,30.6075,122.09738888888887,0.0,0.0,2019-10-02 13:42:42,围网
8121,30.607555555555557,122.09736111111107,0.0,0.0,2019-10-02 13:52:42,围网
8121,30.6075,122.09736111111107,0.0,0.0,2019-10-02 14:02:42,围网
8121,30.60744444444445,122.09730555555555,0.0,0.0,2019-10-02 14:12:42,围网
8121,30.607527777777786,122.09730555555555,0.0,0.0,2019-10-02 14:22:42,围网
8121,30.607527777777786,122.0972222222222,0.0,0.0,2019-10-02 14:32:42,围网
8121,30.60744444444445,122.0972777777778,0.0,0.0,2019-10-02 14:42:42,围网
8121,30.60747222222223,122.09719444444444,0.1,0.0,2019-10-02 14:52:42,围网
8121,30.60758333333333,122.09725,0.2,0.0,2019-10-02 15:02:42,围网
8121,30.60758333333333,122.09725,0.3,0.0,2019-10-02 15:12:42,围网
8121,30.60741666666667,122.09711111111113,0.0,0.0,2019-10-02 15:23:00,围网
8121,30.60744444444445,122.09708333333332,0.0,0.0,2019-10-02 15:32:42,围网
8121,30.6075,122.09694444444445,0.1,0.0,2019-10-02 15:42:41,围网
8121,30.60747222222223,122.09702777777778,0.0,0.0,2019-10-02 15:52:41,围网
8121,30.60744444444445,122.09708333333332,0.1,0.0,2019-10-02 16:02:41,围网
8121,30.60744444444445,122.09716666666668,0.1,0.0,2019-10-02 16:12:41,围网
8121,30.60747222222223,122.09725,0.0,0.0,2019-10-02 16:22:41,围网
8121,30.607388888888888,122.09711111111113,0.1,0.0,2019-10-02 16:32:41,围网
8121,30.6075,122.09713888888888,0.2,0.0,2019-10-02 16:42:41,围网
8121,30.60744444444445,122.0972222222222,0.0,0.0,2019-10-02 16:52:41,围网
8121,30.60761111111111,122.09733333333332,0.1,0.0,2019-10-02 17:02:41,围网
8121,30.6075,122.09736111111107,0.2,0.0,2019-10-02 17:12:41,围网
8121,30.608000000000004,122.09686111111112,0.7,150.0,2019-10-02 17:22:43,围网
8121,30.60736111111111,122.09711111111113,0.1,0.0,2019-10-02 17:33:00,围网
8121,30.6075,122.09683333333334,0.2,0.0,2019-10-02 17:42:41,围网
8121,30.60805555555556,122.097,0.0,0.0,2019-10-02 17:52:41,围网
8121,30.60805555555556,122.09705555555556,0.0,0.0,2019-10-02 18:02:41,围网
8121,30.607944444444453,122.0972777777778,0.1,0.0,2019-10-02 18:12:41,围网
8121,30.607972222222234,122.0972777777778,0.2,0.0,2019-10-02 18:22:41,围网
8121,30.607722222222232,122.09741666666666,0.0,0.0,2019-10-02 18:32:41,围网
8121,30.60775000000001,122.09741666666666,0.0,0.0,2019-10-02 18:42:41,围网
8121,30.607805555555558,122.09738888888887,0.0,0.0,2019-10-02 18:52:41,围网
8121,30.607861111111113,122.09744444444445,0.0,0.0,2019-10-02 19:02:41,围网
8121,30.607805555555558,122.09744444444445,0.0,0.0,2019-10-02 19:12:41,围网
8121,30.60777777777778,122.09738888888887,0.0,0.0,2019-10-02 19:22:41,围网
8121,30.60777777777778,122.09738888888887,0.0,0.0,2019-10-02 19:32:41,围网
8121,30.60777777777778,122.09736111111107,0.0,0.0,2019-10-02 19:42:41,围网
8121,30.60775000000001,122.09738888888887,0.0,0.0,2019-10-02 19:52:41,围网
8121,30.60775000000001,122.09738888888887,0.0,0.0,2019-10-02 20:02:59,围网
8121,30.607722222222232,122.0974722222222,0.0,0.0,2019-10-02 20:12:41,围网
8121,30.60775000000001,122.09744444444445,0.0,0.0,2019-10-02 20:22:41,围网
8121,30.60775000000001,122.09738888888887,0.0,0.0,2019-10-02 20:32:41,围网
8121,30.60775000000001,122.09741666666666,0.0,0.0,2019-10-02 20:42:41,围网
8121,30.607805555555558,122.09741666666666,0.1,0.0,2019-10-02 20:52:41,围网
8121,30.60777777777778,122.09738888888887,0.0,0.0,2019-10-02 21:02:40,围网
8121,30.60775000000001,122.0974722222222,0.0,0.0,2019-10-02 21:12:40,围网
8121,30.60761111111111,122.09744444444445,0.0,0.0,2019-10-02 21:32:40,围网
8121,30.6075,122.0974722222222,0.0,0.0,2019-10-02 21:42:40,围网
8121,30.6075,122.09744444444445,0.0,0.0,2019-10-02 21:52:40,围网
8121,30.60763888888889,122.09741666666666,0.0,0.0,2019-10-02 22:02:40,围网
8121,30.607722222222232,122.09752777777777,0.0,0.0,2019-10-02 22:12:40,围网
8121,30.607888888888887,122.0975,0.1,0.0,2019-10-02 22:22:40,围网
8121,30.60805555555556,122.09738888888887,0.0,0.0,2019-10-02 22:32:40,围网
8121,30.60802777777778,122.09738888888887,0.0,0.0,2019-10-02 22:42:40,围网
8121,30.60791666666667,122.09744444444445,0.0,0.0,2019-10-02 22:52:40,围网
8121,30.607972222222234,122.09738888888887,0.3,0.0,2019-10-02 23:02:40,围网
8121,30.60811111111111,122.09730555555555,0.0,0.0,2019-10-02 23:12:40,围网
8121,30.60808333333333,122.09736111111107,0.0,0.0,2019-10-02 23:22:40,围网
8121,30.60811111111111,122.09736111111107,0.0,0.0,2019-10-02 23:32:40,围网
8121,30.60802777777778,122.0975,0.0,0.0,2019-10-02 23:42:40,围网
8121,30.607861111111113,122.09741666666666,0.0,0.0,2019-10-02 23:53:00,围网
8121,30.607861111111113,122.0975,0.0,0.0,2019-10-03 00:02:40,围网
8121,30.60802777777778,122.09733333333332,0.0,0.0,2019-10-03 00:12:40,围网
8121,30.60763888888889,122.0975,0.1,0.0,2019-10-03 00:22:40,围网
8121,30.60777777777778,122.0975,0.0,0.0,2019-10-03 00:32:40,围网
8121,30.60741666666667,122.09719444444444,0.0,0.0,2019-10-03 00:42:40,围网
8121,30.607555555555557,122.09702777777778,0.1,0.0,2019-10-03 00:52:40,围网
8121,30.6075,122.09688888888887,0.2,0.0,2019-10-03 01:02:40,围网
8121,30.60741666666667,122.09711111111113,0.0,0.0,2019-10-03 01:12:40,围网
8121,30.60736111111111,122.09744444444445,0.1,0.0,2019-10-03 01:22:44,围网
8121,30.607388888888888,122.09708333333332,0.0,0.0,2019-10-03 01:32:40,围网
8121,30.60747222222223,122.09694444444445,0.0,0.0,2019-10-03 01:42:40,围网
8121,30.60716666666667,122.0972222222222,0.3,0.0,2019-10-03 01:52:40,围网
8121,30.60747222222223,122.09697222222222,0.0,0.0,2019-10-03 02:02:59,围网
8121,30.60741666666667,122.09705555555556,0.0,0.0,2019-10-03 02:12:39,围网
8121,30.6075,122.09694444444445,0.0,0.0,2019-10-03 02:22:39,围网
8121,30.60744444444445,122.097,0.0,0.0,2019-10-03 02:32:39,围网
8121,30.60741666666667,122.097,0.0,0.0,2019-10-03 02:42:39,围网
8121,30.60744444444445,122.09688888888887,0.0,0.0,2019-10-03 02:52:39,围网
8121,30.60744444444445,122.09694444444445,0.0,0.0,2019-10-03 03:02:39,围网
8121,30.60747222222223,122.09694444444445,0.1,0.0,2019-10-03 03:12:39,围网
8121,30.60744444444445,122.09697222222222,0.0,0.0,2019-10-03 03:22:39,围网
8121,30.60747222222223,122.09691666666666,0.0,0.0,2019-10-03 03:32:39,围网
8121,30.6075,122.09691666666666,0.0,0.0,2019-10-03 03:42:39,围网
8121,30.60744444444445,122.09705555555556,0.3,0.0,2019-10-03 03:52:39,围网
8121,30.607388888888888,122.09705555555556,0.1,0.0,2019-10-03 04:02:39,围网
8121,30.6075,122.09688888888887,0.1,0.0,2019-10-03 04:12:39,围网
8121,30.607388888888888,122.09711111111113,0.1,0.0,2019-10-03 04:22:39,围网
8121,30.60744444444445,122.09691666666666,0.1,0.0,2019-10-03 04:32:39,围网
8121,30.60747222222223,122.09694444444445,0.2,0.0,2019-10-03 04:42:39,围网
8121,30.60741666666667,122.09691666666666,0.3,0.0,2019-10-03 04:52:39,围网
8121,30.607388888888888,122.09716666666668,0.3,0.0,2019-10-03 05:02:39,围网
8121,30.60741666666667,122.09702777777778,0.4,0.0,2019-10-03 05:12:39,围网
8121,30.607722222222232,122.09738888888887,0.6,0.0,2019-10-03 05:22:42,围网
8121,30.607277777777767,122.09713888888888,0.4,0.0,2019-10-03 05:32:40,围网
8121,30.607555555555557,122.09730555555555,0.2,0.0,2019-10-03 05:42:39,围网
8121,30.60741666666667,122.09691666666666,0.1,0.0,2019-10-03 06:02:59,围网
8121,30.60758333333333,122.09716666666668,0.0,0.0,2019-10-03 06:12:39,围网
8121,30.607833333333332,122.09733333333332,0.0,0.0,2019-10-03 06:22:39,围网
8121,30.60805555555556,122.09677777777777,1.8,324.0,2019-10-03 06:32:39,围网
8121,30.60041666666667,122.10152777777776,10.1,124.0,2019-10-03 06:42:39,围网
8121,30.596416666666666,122.13613888888894,9.4,93.0,2019-10-03 06:52:38,围网
8121,30.60838888888889,122.16241666666667,9.0,70.0,2019-10-03 07:02:38,围网
8121,30.62238888888889,122.18755555555555,9.2,49.0,2019-10-03 07:12:38,围网
8121,30.63922222222222,122.20713888888888,8.3,40.0,2019-10-03 07:22:38,围网
8121,30.655527777777767,122.22438888888887,7.1,44.0,2019-10-03 07:32:38,围网
8121,30.671722222222233,122.23913888888887,7.4,40.0,2019-10-03 07:42:38,围网
8121,30.688222222222233,122.25452777777778,7.7,33.0,2019-10-03 07:52:39,围网
8121,30.70425,122.27019444444444,7.7,38.0,2019-10-03 08:02:38,围网
8121,30.71938888888889,122.28591666666668,7.1,47.0,2019-10-03 08:12:38,围网
8121,30.73397222222221,122.30022222222222,7.1,40.0,2019-10-03 08:22:38,围网
8121,30.749000000000002,122.31161111111106,5.8,31.0,2019-10-03 08:32:38,围网
8121,30.764388888888888,122.3219722222222,6.3,36.0,2019-10-03 08:42:38,围网
8121,30.7805,122.33136111111112,6.7,7.0,2019-10-03 08:52:40,围网
8121,30.79683333333333,122.33830555555555,6.3,35.0,2019-10-03 09:02:38,围网
8121,30.811416666666666,122.34869444444445,5.7,28.0,2019-10-03 09:12:38,围网
8121,30.825055555555554,122.35969444444444,6.3,38.0,2019-10-03 09:22:38,围网
8121,30.83872222222222,122.37236111111108,5.5,44.0,2019-10-03 09:33:00,围网
8121,30.851333333333336,122.38175,5.8,32.0,2019-10-03 09:42:38,围网
8121,30.86563888888889,122.39013888888887,5.6,33.0,2019-10-03 09:52:38,围网
8121,30.8795,122.4,6.3,25.0,2019-10-03 10:02:38,围网
8121,30.893361111111112,122.41080555555556,5.4,48.0,2019-10-03 10:12:38,围网
8121,30.908055555555553,122.4205277777778,6.0,29.0,2019-10-03 10:22:38,围网
8121,30.923361111111113,122.4295277777778,6.4,27.0,2019-10-03 10:32:38,围网
8121,30.938805555555557,122.43825,5.9,25.0,2019-10-03 10:42:38,围网
8121,30.95219444444445,122.44947222222223,6.3,31.0,2019-10-03 10:52:38,围网
8121,30.96641666666667,122.46066666666668,6.3,38.0,2019-10-03 11:02:38,围网
8121,30.98225,122.47205555555556,6.9,30.0,2019-10-03 11:12:38,围网
8121,30.9985,122.48466666666668,7.5,33.0,2019-10-03 11:22:38,围网
8121,31.018,122.49530555555555,7.5,32.0,2019-10-03 11:32:38,围网
8121,31.037194444444452,122.5082777777778,7.4,24.0,2019-10-03 11:42:38,围网
8121,31.055888888888887,122.52197222222222,7.9,30.0,2019-10-03 11:52:37,围网
8121,31.09375,122.55061111111112,8.3,28.0,2019-10-03 12:12:36,围网
8121,31.113722222222233,122.56444444444445,8.2,27.0,2019-10-03 12:22:37,围网
8121,31.135222222222207,122.5752222222222,8.9,19.0,2019-10-03 12:32:37,围网
8121,31.15658333333333,122.58655555555555,8.1,27.0,2019-10-03 12:42:37,围网
8121,31.17763888888889,122.59866666666667,8.2,24.0,2019-10-03 12:52:37,围网
8121,31.199222222222208,122.60972222222222,8.8,25.0,2019-10-03 13:02:37,围网
8121,31.221805555555548,122.61866666666668,8.3,22.0,2019-10-03 13:12:37,围网
8121,31.24355555555556,122.62822222222222,8.3,16.0,2019-10-03 13:22:36,围网
8121,31.26544444444445,122.63613888888894,8.6,21.0,2019-10-03 13:32:36,围网
8121,31.28691666666667,122.6467777777778,8.3,24.0,2019-10-03 13:42:36,围网
8121,31.309722222222234,122.65622222222223,9.1,16.0,2019-10-03 13:52:36,围网
8121,31.33233333333333,122.66694444444445,8.5,21.0,2019-10-03 14:02:36,围网
8121,31.355750000000004,122.67708333333331,8.9,18.0,2019-10-03 14:12:36,围网
8121,31.37913888888889,122.68766666666669,9.3,17.0,2019-10-03 14:22:41,围网
8121,31.40322222222222,122.69711111111113,8.9,8.0,2019-10-03 14:32:36,围网
8121,31.427138888888887,122.707,9.2,28.0,2019-10-03 14:42:36,围网
8121,31.448638888888887,122.722,8.7,44.0,2019-10-03 14:52:36,围网
8121,31.48494444444445,122.76358333333332,9.2,56.0,2019-10-03 15:12:44,围网
8121,31.501777777777768,122.7875,9.7,42.0,2019-10-03 15:22:59,围网
8121,31.514,122.8052222222222,1.1,105.0,2019-10-03 15:32:36,围网
8121,31.518166666666666,122.81261111111112,2.5,65.0,2019-10-03 15:42:36,围网
8121,31.520777777777766,122.81975,2.4,65.0,2019-10-03 15:52:36,围网
8121,31.52336111111111,122.8267777777778,2.0,55.0,2019-10-03 16:02:36,围网
8121,31.52561111111111,122.83388888888888,2.4,63.0,2019-10-03 16:12:36,围网
8121,31.527777777777786,122.84100000000001,2.6,54.0,2019-10-03 16:22:36,围网
8121,31.530055555555553,122.84797222222224,2.3,78.0,2019-10-03 16:32:36,围网
8121,31.531999999999996,122.85516666666666,2.5,87.0,2019-10-03 16:42:36,围网
8121,31.53355555555556,122.86277777777777,2.6,81.0,2019-10-03 16:52:59,围网
8121,31.534277777777767,122.87008333333333,2.4,56.0,2019-10-03 17:02:36,围网
8121,31.53491666666667,122.87761111111112,2.0,70.0,2019-10-03 17:12:36,围网
8121,31.53605555555556,122.88486111111106,3.3,99.0,2019-10-03 17:22:36,围网
8121,31.53661111111111,122.89216666666668,1.9,82.0,2019-10-03 17:32:36,围网
8121,31.53661111111111,122.89961111111113,2.6,93.0,2019-10-03 17:42:36,围网
8121,31.536222222222207,122.90694444444445,2.6,91.0,2019-10-03 17:52:36,围网
8121,31.53580555555556,122.91416666666667,1.8,79.0,2019-10-03 18:02:36,围网
8121,31.535055555555555,122.92144444444445,2.2,92.0,2019-10-03 18:12:36,围网
8121,31.533777777777786,122.92861111111112,2.8,112.0,2019-10-03 18:22:36,围网
8121,31.531861111111112,122.93577777777777,2.2,88.0,2019-10-03 18:32:36,围网
8121,31.52975,122.94286111111113,2.2,102.0,2019-10-03 18:42:36,围网
8121,31.52775,122.94991666666668,2.0,77.0,2019-10-03 18:52:36,围网
8121,31.526194444444442,122.95686111111112,2.9,88.0,2019-10-03 19:02:36,围网
8121,31.518694444444442,122.97588888888893,2.4,0.0,2019-10-03 19:32:35,围网
8121,31.51544444444445,122.98183333333334,3.8,139.0,2019-10-03 19:42:36,围网
8121,31.51144444444445,122.98719444444444,2.0,121.0,2019-10-03 19:52:59,围网
8121,31.511222222222226,122.98566666666666,1.6,334.0,2019-10-03 20:02:35,围网
8121,31.509472222222207,122.9862777777778,1.5,164.0,2019-10-03 20:12:38,围网
8121,31.50641666666667,122.98658333333334,1.2,0.0,2019-10-03 20:22:35,围网
8121,31.506888888888888,123.00302777777777,10.2,99.0,2019-10-03 20:32:35,围网
8121,31.50725,123.03061111111113,10.4,89.0,2019-10-03 20:42:35,围网
8121,31.507388888888887,123.06011111111113,8.4,86.0,2019-10-03 20:52:59,围网
8121,31.50772222222223,123.08647222222223,8.8,89.0,2019-10-03 21:02:35,围网
8121,31.505861111111113,123.11361111111113,8.0,89.0,2019-10-03 21:12:35,围网
8121,31.50411111111111,123.14027777777778,7.9,97.0,2019-10-03 21:22:35,围网
8121,31.50311111111111,123.1670277777778,8.3,84.0,2019-10-03 21:32:35,围网
8121,31.49941666666667,123.1652777777778,2.8,229.0,2019-10-03 21:42:35,围网
8121,31.49716666666667,123.15816666666667,2.5,249.0,2019-10-03 21:52:35,围网
8121,31.49586111111111,123.15061111111113,2.5,248.0,2019-10-03 22:02:35,围网
8121,31.49538888888889,123.14277777777778,2.7,282.0,2019-10-03 22:12:35,围网
8121,31.494694444444452,123.13505555555555,1.8,273.0,2019-10-03 22:22:35,围网
8121,31.49375,123.12761111111112,2.8,276.0,2019-10-03 22:32:35,围网
8121,31.4935,123.11997222222222,2.9,295.0,2019-10-03 22:42:35,围网
8121,31.493861111111112,123.1122222222222,2.1,291.0,2019-10-03 22:52:35,围网
8121,31.49375,123.10463888888887,2.4,275.0,2019-10-03 23:02:35,围网
8121,31.49388888888889,123.09708333333332,2.4,276.0,2019-10-03 23:12:35,围网
8121,31.49441666666667,123.0895,2.6,241.0,2019-10-03 23:22:35,围网
8121,31.49491666666667,123.08194444444445,2.2,276.0,2019-10-03 23:32:35,围网
8121,31.495,123.07472222222222,2.3,265.0,2019-10-03 23:42:35,围网
8121,31.495555555555555,123.06713888888888,1.9,250.0,2019-10-03 23:52:59,围网
8121,31.49644444444445,123.06019444444445,1.9,281.0,2019-10-04 00:02:35,围网
8121,31.49738888888889,123.05305555555556,1.9,281.0,2019-10-04 00:12:34,围网
8121,31.499388888888888,123.04580555555556,2.1,295.0,2019-10-04 00:22:35,围网
8121,31.502194444444445,123.03863888888887,1.8,278.0,2019-10-04 00:32:35,围网
8121,31.50469444444445,123.03152777777777,1.9,296.0,2019-10-04 00:42:35,围网
8121,31.506722222222226,123.02419444444445,2.1,281.0,2019-10-04 00:52:59,围网
8121,31.50869444444445,123.01752777777777,2.7,299.0,2019-10-04 01:02:34,围网
8121,31.51116666666667,123.01075,2.2,299.0,2019-10-04 01:12:34,围网
8121,31.51394444444445,123.00416666666666,2.0,297.0,2019-10-04 01:22:34,围网
8121,31.516444444444453,122.99766666666667,2.3,293.0,2019-10-04 01:32:34,围网
8121,31.518527777777766,122.99136111111108,1.5,280.0,2019-10-04 01:42:34,围网
8121,31.52119444444445,122.98530555555556,2.1,305.0,2019-10-04 01:52:34,围网
8121,31.523611111111112,122.97933333333334,2.1,273.0,2019-10-04 02:02:34,围网
8121,31.52633333333333,122.97369444444445,2.4,288.0,2019-10-04 02:12:34,围网
8121,31.529972222222234,122.96841666666668,1.6,295.0,2019-10-04 02:22:34,围网
8121,31.53341666666667,122.96330555555555,1.9,304.0,2019-10-04 02:32:34,围网
8121,31.53688888888889,122.95863888888887,2.7,315.0,2019-10-04 02:42:34,围网
8121,31.54044444444445,122.95419444444444,1.8,310.0,2019-10-04 02:52:34,围网
8121,31.541555555555554,122.95647222222223,1.3,112.0,2019-10-04 03:02:34,围网
8121,31.543861111111113,122.95808333333332,0.9,0.0,2019-10-04 03:12:34,围网
8121,31.547583333333336,122.95955555555555,3.1,11.0,2019-10-04 03:22:34,围网
8121,31.54361111111111,122.94844444444445,7.5,252.0,2019-10-04 03:32:59,围网
8121,31.53791666666667,122.92663888888887,7.5,252.0,2019-10-04 03:42:34,围网
8121,31.530166666666666,122.90538888888894,7.1,222.0,2019-10-04 03:52:34,围网
8121,31.52030555555556,122.88486111111106,7.3,239.0,2019-10-04 04:02:34,围网
8121,31.521583333333336,122.89019444444445,2.7,71.0,2019-10-04 04:12:34,围网
8121,31.523166666666665,122.89791666666667,2.4,90.0,2019-10-04 04:22:34,围网
8121,31.52441666666667,122.90547222222223,2.3,88.0,2019-10-04 04:32:34,围网
8121,31.52558333333333,122.91288888888887,2.5,108.0,2019-10-04 04:42:34,围网
8121,31.526194444444442,122.92033333333336,2.6,86.0,2019-10-04 04:52:34,围网
8121,31.5265,122.92783333333334,2.4,93.0,2019-10-04 05:02:34,围网
8121,31.52683333333333,122.93541666666668,2.4,64.0,2019-10-04 05:12:34,围网
8121,31.527638888888887,122.94255555555556,2.2,0.0,2019-10-04 05:22:34,围网
8121,31.52808333333333,122.94988888888888,2.2,93.0,2019-10-04 05:32:33,围网
8121,31.5275,122.95738888888893,3.0,114.0,2019-10-04 05:42:33,围网
8121,31.52666666666667,122.96491666666668,2.5,101.0,2019-10-04 05:52:33,围网
8121,31.52555555555556,122.97275,2.3,83.0,2019-10-04 06:02:58,围网
8121,31.52480555555555,122.97986111111106,2.3,100.0,2019-10-04 06:12:33,围网
8121,31.524277777777765,122.98713888888894,2.4,101.0,2019-10-04 06:22:33,围网
8121,31.52383333333333,122.99425,2.5,55.0,2019-10-04 06:32:33,围网
8121,31.523000000000003,123.00133333333332,1.9,96.0,2019-10-04 06:42:33,围网
8121,31.52188888888889,123.00833333333334,1.9,78.0,2019-10-04 06:52:33,围网
8121,31.521472222222233,123.01505555555555,2.2,75.0,2019-10-04 07:02:33,围网
8121,31.520555555555553,123.02169444444445,2.0,95.0,2019-10-04 07:12:33,围网
8121,31.51847222222222,123.02825,2.4,117.0,2019-10-04 07:22:33,围网
8121,31.515916666666666,123.03469444444444,2.2,121.0,2019-10-04 07:32:33,围网
8121,31.51311111111111,123.04105555555556,1.9,109.0,2019-10-04 07:42:33,围网
8121,31.50994444444445,123.04730555555555,2.2,119.0,2019-10-04 07:52:34,围网
8121,31.50633333333333,123.05308333333332,2.2,117.0,2019-10-04 08:02:33,围网
8121,31.50236111111111,123.05844444444445,2.8,131.0,2019-10-04 08:12:33,围网
8121,31.49813888888889,123.06352777777781,2.9,132.0,2019-10-04 08:22:33,围网
8121,31.493861111111112,123.06825,2.3,124.0,2019-10-04 08:32:33,围网
8121,31.48933333333333,123.07274999999998,2.2,119.0,2019-10-04 08:42:33,围网
8121,31.483888888888888,123.07533333333332,2.9,0.0,2019-10-04 08:52:34,围网
8121,31.48633333333333,123.07208333333332,1.5,0.0,2019-10-04 09:02:33,围网
8121,31.48311111111111,123.07025,0.7,0.0,2019-10-04 09:12:42,围网
8121,31.481666666666666,123.06830555555555,3.4,328.0,2019-10-04 09:22:41,围网
8121,31.491194444444453,123.06266666666669,5.0,338.0,2019-10-04 09:32:59,围网
8121,31.49541666666667,123.06219444444444,2.8,339.0,2019-10-04 09:42:33,围网
8121,31.49169444444445,123.05344444444445,2.4,250.0,2019-10-04 09:52:33,围网
8121,31.489361111111112,123.04627777777776,2.4,304.0,2019-10-04 10:02:34,围网
8121,31.487527777777785,123.039,3.0,293.0,2019-10-04 10:12:33,围网
8121,31.48558333333333,123.03175,2.6,284.0,2019-10-04 10:22:33,围网
8121,31.48413888888889,123.02427777777777,2.6,252.0,2019-10-04 10:32:33,围网
8121,31.48322222222221,123.01675,2.6,278.0,2019-10-04 10:42:33,围网
8121,31.48275,123.00894444444445,2.3,277.0,2019-10-04 10:52:59,围网
8121,31.482805555555554,123.00169444444445,2.2,268.0,2019-10-04 11:02:32,围网
8121,31.48333333333333,122.99408333333334,2.1,273.0,2019-10-04 11:12:32,围网
8121,31.4835,122.98672222222223,2.3,269.0,2019-10-04 11:22:32,围网
8121,31.48413888888889,122.97930555555556,2.1,281.0,2019-10-04 11:32:32,围网
8121,31.485111111111113,122.97186111111112,2.1,277.0,2019-10-04 11:42:32,围网
8121,31.485805555555558,122.96441666666666,2.4,279.0,2019-10-04 11:52:32,围网
8121,31.486583333333336,122.95711111111113,2.1,274.0,2019-10-04 12:02:32,围网
8121,31.48719444444445,122.94977777777778,2.6,281.0,2019-10-04 12:12:32,围网
8121,31.48775,122.9427777777778,2.1,285.0,2019-10-04 12:22:32,围网
8121,31.48852777777779,122.93566666666666,2.0,274.0,2019-10-04 12:32:32,围网
8121,31.488972222222234,122.92886111111108,1.8,271.0,2019-10-04 12:42:32,围网
8121,31.48975,122.922,1.9,281.0,2019-10-04 12:52:32,围网
8121,31.49091666666667,122.91511111111113,1.8,282.0,2019-10-04 13:02:32,围网
8121,31.49222222222223,122.90833333333336,1.7,271.0,2019-10-04 13:12:32,围网
8121,31.493194444444452,122.90163888888887,1.9,281.0,2019-10-04 13:22:32,围网
8121,31.494555555555557,122.8949722222222,1.7,273.0,2019-10-04 13:32:32,围网
8121,31.49644444444445,122.88841666666669,1.8,288.0,2019-10-04 13:42:32,围网
8121,31.499027777777766,122.8822222222222,2.1,306.0,2019-10-04 13:52:32,围网
8121,31.50536111111111,122.87777777777777,2.7,337.0,2019-10-04 14:02:58,围网
8121,31.511555555555553,122.87469444444444,2.3,336.0,2019-10-04 14:12:32,围网
8121,31.517861111111113,122.87158333333332,2.3,336.0,2019-10-04 14:22:32,围网
8121,31.52375,122.86819444444444,2.4,334.0,2019-10-04 14:32:32,围网
8121,31.52925,122.86452777777778,2.6,336.0,2019-10-04 14:42:32,围网
8121,31.53475000000001,122.86105555555555,2.2,324.0,2019-10-04 14:52:32,围网
8121,31.53961111111111,122.85955555555556,1.7,132.0,2019-10-04 15:02:32,围网
8121,31.53733333333333,122.86169444444445,2.1,299.0,2019-10-04 15:12:32,围网
8121,31.541472222222207,122.86161111111107,1.2,2.0,2019-10-04 15:22:32,围网
8121,31.539027777777786,122.85908333333332,4.7,188.0,2019-10-04 15:32:32,围网
8121,31.526888888888887,122.85861111111107,4.1,186.0,2019-10-04 15:42:32,围网
8121,31.514861111111113,122.85783333333332,4.2,183.0,2019-10-04 15:52:32,围网
8121,31.500277777777786,122.85752777777776,6.4,170.0,2019-10-04 16:02:32,围网
8121,31.482111111111113,122.85533333333332,7.3,191.0,2019-10-04 16:12:32,围网
8121,31.472972222222207,122.85363888888888,6.5,71.0,2019-10-04 16:22:32,围网
8121,31.47383333333333,122.86152777777777,2.1,92.0,2019-10-04 16:32:32,围网
8121,31.47411111111111,122.86855555555556,2.6,342.0,2019-10-04 16:42:32,围网
8121,31.47397222222222,122.87577777777777,2.2,85.0,2019-10-04 16:52:59,围网
8121,31.473861111111113,122.88236111111107,2.4,102.0,2019-10-04 17:02:32,围网
8121,31.47358333333333,122.9035,2.5,81.0,2019-10-04 17:32:31,围网
8121,31.473416666666665,122.91063888888893,2.2,94.0,2019-10-04 17:42:31,围网
8121,31.47325,122.91788888888892,2.0,90.0,2019-10-04 17:52:31,围网
8121,31.473111111111113,122.9249722222222,2.5,109.0,2019-10-04 18:02:31,围网
8121,31.472638888888888,122.93205555555555,2.2,98.0,2019-10-04 18:12:32,围网
8121,31.471916666666665,122.93905555555556,2.5,101.0,2019-10-04 18:22:31,围网
8121,31.471166666666665,122.94605555555556,2.4,111.0,2019-10-04 18:32:31,围网
8121,31.47,122.95305555555555,2.1,92.0,2019-10-04 18:42:31,围网
8121,31.46886111111111,122.95991666666669,1.9,98.0,2019-10-04 18:52:32,围网
8121,31.46716666666667,122.96652777777777,2.0,108.0,2019-10-04 19:02:32,围网
8121,31.465916666666665,122.9735277777778,2.1,92.0,2019-10-04 19:12:59,围网
8121,31.46447222222222,122.97963888888887,2.0,119.0,2019-10-04 19:22:31,围网
8121,31.46236111111111,122.98588888888894,1.9,101.0,2019-10-04 19:32:31,围网
8121,31.459194444444442,122.99825,2.5,115.0,2019-10-04 19:52:31,围网
8121,31.45575,123.00391666666668,2.6,132.0,2019-10-04 20:02:31,围网
8121,31.452666666666666,123.00975,2.1,120.0,2019-10-04 20:12:31,围网
8121,31.44988888888889,123.0155277777778,2.5,127.0,2019-10-04 20:22:31,围网
8121,31.447388888888888,123.0215277777778,2.9,116.0,2019-10-04 20:32:31,围网
8121,31.44433333333333,123.0269722222222,1.8,129.0,2019-10-04 20:42:59,围网
8121,31.440666666666665,123.03136111111112,1.9,138.0,2019-10-04 20:52:31,围网
8121,31.43638888888889,123.03533333333334,1.9,145.0,2019-10-04 21:02:31,围网
8121,31.436527777777766,123.0337777777778,1.4,326.0,2019-10-04 21:12:31,围网
8121,31.43480555555556,123.03233333333333,1.3,216.0,2019-10-04 21:22:31,围网
8121,31.43277777777779,123.02933333333334,1.7,281.0,2019-10-04 21:32:31,围网
8121,31.44394444444445,123.0174722222222,3.5,273.0,2019-10-04 21:42:31,围网
8121,31.441111111111113,123.01138888888887,2.5,251.0,2019-10-04 21:52:31,围网
8121,31.44175,123.00427777777777,2.3,285.0,2019-10-04 22:02:31,围网
8121,31.44216666666667,122.99738888888888,1.9,271.0,2019-10-04 22:12:31,围网
8121,31.442055555555555,122.99038888888887,2.0,272.0,2019-10-04 22:22:31,围网
8121,31.441861111111113,122.98316666666666,1.9,269.0,2019-10-04 22:32:30,围网
8121,31.441777777777766,122.97580555555555,2.4,265.0,2019-10-04 22:42:30,围网
8121,31.442027777777767,122.96844444444444,2.4,269.0,2019-10-04 22:52:30,围网
8121,31.44238888888889,122.96122222222222,2.2,268.0,2019-10-04 23:02:30,围网
8121,31.442972222222235,122.95388888888893,2.2,273.0,2019-10-04 23:12:30,围网
8121,31.443583333333336,122.94658333333334,2.1,274.0,2019-10-04 23:22:30,围网
8121,31.443638888888888,122.93938888888887,2.2,271.0,2019-10-04 23:32:30,围网
8121,31.443805555555556,122.93227777777778,2.4,283.0,2019-10-04 23:42:30,围网
8121,31.44400000000001,122.92508333333336,2.5,286.0,2019-10-04 23:52:30,围网
8121,31.44475,122.9172222222222,2.2,271.0,2019-10-05 00:02:58,围网
8121,31.44536111111111,122.91033333333334,2.5,271.0,2019-10-05 00:12:30,围网
8121,31.446027777777786,122.90297222222223,2.4,276.0,2019-10-05 00:22:30,围网
8121,31.446638888888888,122.89577777777778,2.3,280.0,2019-10-05 00:32:30,围网
8121,31.447722222222232,122.88811111111113,2.2,275.0,2019-10-05 00:42:59,围网
8121,31.44897222222221,122.88113888888887,2.3,281.0,2019-10-05 00:52:30,围网
8121,31.45066666666667,122.87405555555556,2.2,285.0,2019-10-05 01:02:30,围网
8121,31.45308333333333,122.8670277777778,2.0,286.0,2019-10-05 01:12:30,围网
8121,31.45491666666667,122.85986111111107,2.0,276.0,2019-10-05 01:22:30,围网
8121,31.45588888888889,122.85283333333334,2.0,273.0,2019-10-05 01:32:30,围网
8121,31.456722222222233,122.84611111111107,2.2,273.0,2019-10-05 01:42:30,围网
8121,31.45738888888889,122.83941666666664,2.5,281.0,2019-10-05 01:52:30,围网
8121,31.45813888888889,122.83286111111113,2.7,289.0,2019-10-05 02:02:30,围网
8121,31.45969444444445,122.82636111111107,2.4,290.0,2019-10-05 02:12:30,围网
8121,31.461666666666666,122.81994444444445,2.0,280.0,2019-10-05 02:22:30,围网
8121,31.463666666666665,122.81361111111113,2.1,290.0,2019-10-05 02:32:30,围网
8121,31.46586111111111,122.80744444444444,1.8,290.0,2019-10-05 02:42:30,围网
8121,31.468000000000004,122.80147222222222,1.9,286.0,2019-10-05 02:52:30,围网
8121,31.47069444444444,122.79563888888887,1.7,267.0,2019-10-05 03:02:30,围网
8121,31.47355555555556,122.79008333333331,2.4,332.0,2019-10-05 03:12:31,围网
8121,31.47294444444444,122.79444444444445,0.8,0.0,2019-10-05 03:22:29,围网
8121,31.47486111111111,122.79288888888887,1.0,318.0,2019-10-05 03:32:29,围网
8121,31.478527777777767,122.79838888888894,6.8,90.0,2019-10-05 03:42:32,围网
8121,31.479555555555553,122.81827777777777,0.3,0.0,2019-10-05 03:52:29,围网
8121,31.48188888888889,122.82394444444445,2.2,76.0,2019-10-05 04:02:58,围网
8121,31.4835,122.83052777777776,2.5,35.0,2019-10-05 04:12:29,围网
8121,31.48461111111111,122.83752777777777,2.1,77.0,2019-10-05 04:22:30,围网
8121,31.485416666666666,122.84480555555555,1.8,75.0,2019-10-05 04:32:28,围网
8121,31.485833333333336,122.85213888888887,2.5,88.0,2019-10-05 04:42:29,围网
8121,31.485388888888888,122.85936111111113,2.0,87.0,2019-10-05 04:52:28,围网
8121,31.484277777777766,122.86661111111107,2.2,81.0,2019-10-05 05:02:28,围网
8121,31.484861111111112,122.8737777777778,2.2,92.0,2019-10-05 05:12:29,围网
8121,31.485111111111113,122.88083333333331,2.3,86.0,2019-10-05 05:22:28,围网
8121,31.48416666666667,122.88780555555556,2.2,82.0,2019-10-05 05:32:28,围网
8121,31.48469444444445,122.89480555555555,2.5,66.0,2019-10-05 05:42:28,围网
8121,31.48547222222223,122.9014722222222,2.1,43.0,2019-10-05 05:52:28,围网
8121,31.485,122.90863888888887,2.4,91.0,2019-10-05 06:02:28,围网
8121,31.48491666666667,122.91552777777778,2.3,88.0,2019-10-05 06:12:28,围网
8121,31.4855,122.922,1.9,79.0,2019-10-05 06:22:28,围网
8121,31.484972222222233,122.92891666666668,2.2,98.0,2019-10-05 06:32:30,围网
8121,31.48461111111111,122.93555555555555,2.8,97.0,2019-10-05 06:42:32,围网
8121,31.48402777777777,122.9422777777778,2.3,87.0,2019-10-05 06:52:58,围网
8121,31.483555555555558,122.9484722222222,2.3,76.0,2019-10-05 07:02:28,围网
8121,31.48319444444445,122.9547777777778,2.2,92.0,2019-10-05 07:12:29,围网
8121,31.48161111111111,122.96141666666666,1.9,99.0,2019-10-05 07:22:28,围网
8121,31.47825,122.96763888888887,2.4,106.0,2019-10-05 07:32:28,围网
8121,31.47708333333333,122.97413888888887,2.2,91.0,2019-10-05 07:42:28,围网
8121,31.474611111111113,122.97986111111106,1.8,113.0,2019-10-05 07:52:30,围网
8121,31.47186111111111,122.98519444444445,1.1,134.0,2019-10-05 08:02:36,围网
8121,31.46838888888889,122.98994444444445,2.3,132.0,2019-10-05 08:12:58,围网
8121,31.464666666666666,122.99361111111112,1.7,156.0,2019-10-05 08:22:28,围网
8121,31.46075,122.99486111111106,1.4,332.0,2019-10-05 08:32:28,围网
8121,31.46222222222222,122.99258333333334,1.8,187.0,2019-10-05 08:42:28,围网
8121,31.45622222222222,122.99116666666669,1.7,200.0,2019-10-05 08:52:28,围网
8121,31.458388888888887,122.99497222222222,2.7,44.0,2019-10-05 09:02:27,围网
8121,31.46247222222221,123.00283333333334,3.1,68.0,2019-10-05 09:12:31,围网
8121,31.46683333333333,123.01069444444445,2.6,49.0,2019-10-05 09:22:58,围网
8121,31.47083333333333,123.01799999999999,2.4,52.0,2019-10-05 09:32:27,围网
8121,31.47533333333333,123.02436111111106,2.6,45.0,2019-10-05 09:42:27,围网
8121,31.48038888888889,123.0305,2.3,17.0,2019-10-05 09:52:27,围网
8121,31.485,123.03691666666666,3.3,68.0,2019-10-05 10:02:27,围网
8121,31.49088888888889,123.0419722222222,3.7,30.0,2019-10-05 10:12:27,围网
8121,31.499000000000002,123.04861111111113,3.3,34.0,2019-10-05 10:22:27,围网
8121,31.505666666666666,123.05194444444444,1.6,70.0,2019-10-05 10:32:27,围网
8121,31.502222222222233,123.05263888888888,5.1,227.0,2019-10-05 10:42:27,围网
8121,31.498027777777786,123.04577777777777,2.8,236.0,2019-10-05 10:52:27,围网
8121,31.49483333333333,123.03880555555556,2.4,239.0,2019-10-05 11:02:27,围网
8121,31.491722222222233,123.03188888888887,2.4,243.0,2019-10-05 11:12:27,围网
8121,31.488805555555558,123.02572222222223,3.0,267.0,2019-10-05 11:22:27,围网
8121,31.488555555555557,123.01063888888888,2.7,261.0,2019-10-05 11:42:27,围网
8121,31.488250000000004,123.0035,2.6,261.0,2019-10-05 11:52:27,围网
8121,31.488194444444453,122.99588888888893,1.7,287.0,2019-10-05 12:02:57,围网
8121,31.48858333333333,122.98919444444445,2.4,270.0,2019-10-05 12:12:27,围网
8121,31.489361111111112,122.98213888888893,1.6,272.0,2019-10-05 12:22:27,围网
8121,31.490250000000003,122.97513888888888,2.1,278.0,2019-10-05 12:32:27,围网
8121,31.49147222222221,122.96805555555555,2.1,276.0,2019-10-05 12:42:27,围网
8121,31.492444444444452,122.961,1.8,290.0,2019-10-05 12:52:27,围网
8121,31.49375,122.95391666666669,2.5,278.0,2019-10-05 13:02:27,围网
8121,31.496944444444445,122.94013888888887,2.2,284.0,2019-10-05 13:22:27,围网
8121,31.49805555555556,122.93319444444445,2.5,321.0,2019-10-05 13:32:28,围网
8121,31.50141666666667,122.92019444444445,2.3,0.0,2019-10-05 13:52:30,围网
8121,31.50344444444445,122.91377777777781,1.9,0.0,2019-10-05 14:02:27,围网
8121,31.505527777777786,122.9074722222222,2.3,322.0,2019-10-05 14:12:27,围网
8121,31.50741666666667,122.90111111111112,2.8,319.0,2019-10-05 14:22:27,围网
8121,31.50919444444445,122.89502777777778,1.5,345.0,2019-10-05 14:32:26,围网
8121,31.51152777777777,122.88922222222223,1.2,0.0,2019-10-05 14:42:26,围网
8121,31.51416666666667,122.88383333333334,1.7,314.0,2019-10-05 14:52:26,围网
8121,31.517861111111113,122.87941666666666,2.6,327.0,2019-10-05 15:02:26,围网
8121,31.52186111111111,122.87575,0.5,0.0,2019-10-05 15:12:26,围网
8121,31.526027777777767,122.88077777777777,2.1,48.0,2019-10-05 15:22:26,围网
8121,31.525444444444442,122.88208333333333,4.1,223.0,2019-10-05 15:32:27,围网
8121,31.52419444444445,122.88030555555555,0.5,0.0,2019-10-05 15:42:58,围网
8121,31.52322222222222,122.87908333333333,1.8,234.0,2019-10-05 15:52:26,围网
8121,31.52466666666667,122.86505555555556,4.9,267.0,2019-10-05 16:02:57,围网
8121,31.52375,122.86230555555555,2.7,336.0,2019-10-05 16:12:26,围网
8121,31.52594444444444,122.86983333333332,2.4,49.0,2019-10-05 16:22:26,围网
8121,31.52583333333333,122.87641666666666,2.6,101.0,2019-10-05 16:32:26,围网
8121,31.525527777777786,122.88291666666666,2.3,65.0,2019-10-05 16:42:26,围网
8121,31.52577777777779,122.8895277777778,2.1,95.0,2019-10-05 16:52:26,围网
8121,31.52633333333333,122.89613888888887,2.7,78.0,2019-10-05 17:02:26,围网
8121,31.52644444444445,122.90280555555556,2.3,100.0,2019-10-05 17:12:26,围网
8121,31.52558333333333,122.90947222222222,3.0,127.0,2019-10-05 17:22:26,围网
8121,31.525166666666664,122.91697222222223,3.2,47.0,2019-10-05 17:33:16,围网
8121,31.52405555555555,122.92330555555556,2.4,127.0,2019-10-05 17:42:26,围网
8121,31.523138888888887,122.93025,2.1,114.0,2019-10-05 17:52:26,围网
8121,31.523000000000003,122.93727777777781,2.2,47.0,2019-10-05 18:02:26,围网
8121,31.523277777777786,122.95108333333332,3.8,114.0,2019-10-05 18:22:26,围网
8121,31.521166666666666,122.9652222222222,1.9,0.0,2019-10-05 18:42:27,围网
8121,31.519527777777768,122.97225,2.8,0.0,2019-10-05 18:52:29,围网
8121,31.517416666666666,122.97911111111112,2.2,0.0,2019-10-05 19:02:27,围网
8121,31.51533333333333,122.9860277777778,5.2,153.0,2019-10-05 19:12:26,围网
8121,31.51280555555556,122.99280555555555,2.0,101.0,2019-10-05 19:22:28,围网
8121,31.51033333333333,122.99961111111112,3.8,128.0,2019-10-05 19:32:29,围网
8121,31.50844444444445,123.0065277777778,2.7,122.0,2019-10-05 19:42:35,围网
8121,31.502055555555554,123.02652777777777,2.5,117.0,2019-10-05 20:12:25,围网
8121,31.497972222222234,123.03219444444444,3.0,125.0,2019-10-05 20:22:25,围网
8121,31.49561111111111,123.03866666666669,2.4,122.0,2019-10-05 20:32:25,围网
8121,31.49388888888889,123.045,2.1,103.0,2019-10-05 20:42:25,围网
8121,31.49175,123.05125,3.3,133.0,2019-10-05 20:52:25,围网
8121,31.488916666666668,123.05725,1.9,133.0,2019-10-05 21:02:25,围网
8121,31.485194444444453,123.06258333333334,3.2,120.0,2019-10-05 21:12:25,围网
8121,31.48116666666667,123.06772222222222,2.3,135.0,2019-10-05 21:22:25,围网
8121,31.477027777777767,123.07269444444445,1.6,126.0,2019-10-05 21:32:25,围网
8121,31.47258333333333,123.07713888888887,1.4,0.0,2019-10-05 21:42:25,围网
8121,31.470916666666664,123.07719444444444,3.7,340.0,2019-10-05 21:52:32,围网
8121,31.468805555555555,123.07616666666668,1.8,0.0,2019-10-05 22:02:29,围网
8121,31.465166666666665,123.07444444444445,2.8,256.0,2019-10-05 22:12:26,围网
8121,31.47472222222222,123.08327777777777,5.8,4.0,2019-10-05 22:22:52,围网
8121,31.48791666666667,123.08516666666668,5.2,357.0,2019-10-05 22:32:25,围网
8121,31.49813888888889,123.07741666666666,3.5,315.0,2019-10-05 22:42:25,围网
8121,31.49955555555556,123.06752777777777,3.1,280.0,2019-10-05 22:52:25,围网
8121,31.498305555555557,123.0647777777778,1.2,225.0,2019-10-05 23:02:25,围网
8121,31.49758333333333,123.05588888888887,2.4,252.0,2019-10-05 23:12:25,围网
8121,31.495694444444442,123.04897222222222,3.6,225.0,2019-10-05 23:22:25,围网
8121,31.49361111111111,123.04219444444445,2.0,242.0,2019-10-05 23:32:25,围网
8121,31.49158333333333,123.03547222222224,2.8,281.0,2019-10-05 23:42:25,围网
8121,31.49130555555556,123.02825,2.1,265.0,2019-10-05 23:52:25,围网
8121,31.491722222222233,123.02105555555555,1.8,293.0,2019-10-06 00:02:25,围网
8121,31.492305555555557,123.0137777777778,1.7,285.0,2019-10-06 00:12:25,围网
8121,31.49225,123.00644444444444,2.4,287.0,2019-10-06 00:22:25,围网
8121,31.491972222222234,122.99925,3.0,249.0,2019-10-06 00:32:25,围网
8121,31.49213888888889,122.99211111111113,2.4,258.0,2019-10-06 00:42:25,围网
8121,31.492527777777767,122.9849722222222,2.1,251.0,2019-10-06 00:52:25,围网
8121,31.493111111111112,122.97791666666666,2.8,294.0,2019-10-06 01:02:25,围网
8121,31.49433333333333,122.97077777777778,1.9,299.0,2019-10-06 01:12:24,围网
8121,31.494888888888887,122.96372222222223,4.4,310.0,2019-10-06 01:22:27,围网
8121,31.49552777777778,122.95680555555555,1.9,289.0,2019-10-06 01:32:25,围网
8121,31.49658333333333,122.94958333333334,3.0,236.0,2019-10-06 01:42:25,围网
8121,31.49752777777778,122.94261111111112,3.1,300.0,2019-10-06 01:52:24,围网
8121,31.498583333333336,122.93527777777778,1.9,277.0,2019-10-06 02:02:57,围网
8121,31.49944444444445,122.92891666666668,2.3,264.0,2019-10-06 02:12:24,围网
8121,31.50072222222222,122.92205555555556,2.1,273.0,2019-10-06 02:22:24,围网
8121,31.50183333333333,122.9152777777778,2.0,285.0,2019-10-06 02:32:24,围网
8121,31.50325,122.90855555555555,1.8,266.0,2019-10-06 02:42:24,围网
8121,31.50558333333333,122.90227777777778,2.5,300.0,2019-10-06 02:52:24,围网
8121,31.510444444444442,122.89736111111112,2.6,306.0,2019-10-06 03:02:24,围网
8121,31.517194444444453,122.89641666666668,2.4,0.0,2019-10-06 03:12:26,围网
8121,31.52255555555555,122.89255555555556,1.2,0.0,2019-10-06 03:22:26,围网
8121,31.52658333333333,122.88716666666667,2.5,312.0,2019-10-06 03:32:25,围网
8121,31.529166666666665,122.88091666666666,2.6,308.0,2019-10-06 03:42:26,围网
8121,31.53208333333333,122.87533333333332,1.4,281.0,2019-10-06 03:52:27,围网
8121,31.53538888888889,122.87013888888887,1.9,308.0,2019-10-06 04:02:25,围网
8121,31.54141666666667,122.86875,4.0,98.0,2019-10-06 04:12:25,围网
8121,31.538305555555556,122.87044444444444,3.0,0.0,2019-10-06 04:22:26,围网
8121,31.53852777777778,122.86955555555555,1.7,0.0,2019-10-06 04:32:25,围网
8121,31.53911111111111,122.85594444444445,8.1,277.0,2019-10-06 04:42:28,围网
8121,31.540194444444452,122.82930555555555,9.7,265.0,2019-10-06 04:52:29,围网
8121,31.544277777777786,122.80138888888888,9.0,279.0,2019-10-06 05:02:52,围网
8121,31.54891666666667,122.78463888888888,2.0,98.0,2019-10-06 05:12:24,围网
8121,31.54930555555556,122.79058333333332,2.4,106.0,2019-10-06 05:22:24,围网
8121,31.549277777777768,122.79719444444444,2.0,66.0,2019-10-06 05:32:24,围网
8121,31.548972222222233,122.80366666666669,2.3,113.0,2019-10-06 05:42:24,围网
8121,31.549027777777766,122.81030555555556,2.1,75.0,2019-10-06 05:52:24,围网
8121,31.549888888888887,122.81669444444445,2.3,101.0,2019-10-06 06:02:24,围网
8121,31.55005555555556,122.8232777777778,2.3,110.0,2019-10-06 06:12:24,围网
8121,31.55025,122.82983333333333,2.3,102.0,2019-10-06 06:22:23,围网
8121,31.55019444444445,122.83641666666666,3.1,42.0,2019-10-06 06:32:23,围网
8121,31.549861111111113,122.84313888888887,2.8,123.0,2019-10-06 06:42:24,围网
8121,31.549722222222233,122.84977777777777,2.0,64.0,2019-10-06 06:52:23,围网
8121,31.549611111111112,122.85638888888887,2.6,108.0,2019-10-06 07:02:23,围网
8121,31.549888888888887,122.86941666666664,2.1,54.0,2019-10-06 07:22:23,围网
8121,31.55044444444445,122.87566666666666,2.2,0.0,2019-10-06 07:32:23,围网
8121,31.54941666666667,122.88244444444445,2.2,115.0,2019-10-06 07:42:25,围网
8121,31.547777777777767,122.88919444444444,2.2,78.0,2019-10-06 07:52:27,围网
8121,31.546388888888888,122.89616666666667,2.1,97.0,2019-10-06 08:02:51,围网
8121,31.545333333333332,122.90261111111113,2.3,63.0,2019-10-06 08:12:23,围网
8121,31.54450000000001,122.90922222222223,0.6,0.0,2019-10-06 08:22:24,围网
8121,31.54375,122.91602777777778,2.0,76.0,2019-10-06 08:32:52,围网
8121,31.5425,122.92225,2.7,102.0,2019-10-06 08:42:23,围网
8121,31.54175,122.92872222222222,3.3,124.0,2019-10-06 08:52:23,围网
8121,31.54091666666667,122.93511111111113,2.2,101.0,2019-10-06 09:02:23,围网
8121,31.538722222222226,122.94147222222223,1.7,123.0,2019-10-06 09:12:23,围网
8121,31.53688888888889,122.94780555555555,2.0,115.0,2019-10-06 09:22:23,围网
8121,31.534944444444452,122.95408333333334,2.5,116.0,2019-10-06 09:32:23,围网
8121,31.53244444444445,122.9602777777778,2.7,114.0,2019-10-06 09:42:23,围网
8121,31.52963888888889,122.96633333333334,1.9,106.0,2019-10-06 09:52:23,围网
8121,31.526777777777767,122.97222222222223,3.3,120.0,2019-10-06 10:02:23,围网
8121,31.51991666666667,122.98336111111112,2.5,128.0,2019-10-06 10:22:23,围网
8121,31.51616666666667,122.98213888888893,4.0,189.0,2019-10-06 10:42:23,围网
8121,31.513305555555558,122.97919444444445,4.0,322.0,2019-10-06 10:52:25,围网
8121,31.51872222222222,122.96430555555555,5.7,177.0,2019-10-06 11:02:23,围网
8121,31.51375,122.9597777777778,2.4,237.0,2019-10-06 11:12:24,围网
8121,31.51169444444445,122.95308333333334,2.8,220.0,2019-10-06 11:22:24,围网
8121,31.508944444444445,122.94636111111107,3.0,249.0,2019-10-06 11:32:52,围网
8121,31.507444444444445,122.9397777777778,2.1,0.0,2019-10-06 11:42:25,围网
8121,31.50711111111111,122.93327777777776,1.8,0.0,2019-10-06 11:52:24,围网
8121,31.507277777777766,122.92608333333334,1.9,263.0,2019-10-06 12:02:52,围网
8121,31.506638888888887,122.91944444444445,2.9,247.0,2019-10-06 12:12:22,围网
8121,31.506,122.91225,2.7,247.0,2019-10-06 12:22:22,围网
8121,31.50569444444445,122.90516666666667,2.4,304.0,2019-10-06 12:32:22,围网
8121,31.50533333333333,122.89802777777778,2.8,289.0,2019-10-06 12:42:22,围网
8121,31.5055,122.89080555555556,2.0,284.0,2019-10-06 12:52:22,围网
8121,31.505527777777786,122.88358333333332,2.6,265.0,2019-10-06 13:02:22,围网
8121,31.505472222222235,122.87644444444445,2.2,262.0,2019-10-06 13:12:22,围网
8121,31.50569444444445,122.86938888888888,2.8,293.0,2019-10-06 13:22:22,围网
8121,31.50536111111111,122.86230555555555,2.4,282.0,2019-10-06 13:32:22,围网
8121,31.505194444444445,122.85516666666666,3.8,300.0,2019-10-06 13:42:24,围网
8121,31.50525,122.84794444444445,3.4,0.0,2019-10-06 13:52:25,围网
8121,31.50594444444444,122.84102777777777,1.6,0.0,2019-10-06 14:02:23,围网
8121,31.50711111111111,122.83419444444445,2.0,0.0,2019-10-06 14:12:23,围网
8121,31.508138888888887,122.82738888888888,1.4,317.0,2019-10-06 14:22:22,围网
8121,31.50905555555555,122.82061111111112,1.8,204.0,2019-10-06 14:32:22,围网
8121,31.509777777777767,122.81383333333332,2.9,295.0,2019-10-06 14:42:22,围网
8121,31.511138888888887,122.8069722222222,2.3,299.0,2019-10-06 14:52:22,围网
8121,31.51283333333333,122.80044444444445,2.3,282.0,2019-10-06 15:02:22,围网
8121,31.514611111111112,122.7937222222222,1.5,280.0,2019-10-06 15:12:22,围网
8121,31.51580555555556,122.78702777777778,1.9,263.0,2019-10-06 15:22:22,围网
8121,31.518,122.7807222222222,2.6,274.0,2019-10-06 15:32:22,围网
8121,31.520194444444453,122.77408333333334,1.8,279.0,2019-10-06 15:42:52,围网
8121,31.52258333333333,122.76830555555556,2.3,329.0,2019-10-06 15:52:22,围网
8121,31.525361111111113,122.76227777777778,2.3,304.0,2019-10-06 16:02:22,围网
8121,31.52869444444445,122.75661111111113,2.4,294.0,2019-10-06 16:12:22,围网
8121,31.53219444444445,122.75102777777781,2.2,332.0,2019-10-06 16:22:22,围网
8121,31.536027777777786,122.74586111111113,1.8,294.0,2019-10-06 16:32:22,围网
8121,31.54016666666667,122.7409722222222,1.7,345.0,2019-10-06 16:42:21,围网
8121,31.545972222222233,122.73869444444445,2.4,10.0,2019-10-06 16:52:21,围网
8121,31.55230555555556,122.7405,1.8,4.0,2019-10-06 17:02:21,围网
8121,31.54936111111111,122.74019444444444,1.9,125.0,2019-10-06 17:12:21,围网
8121,31.55008333333333,122.73813888888893,0.0,0.0,2019-10-06 17:22:21,围网
8121,31.545305555555558,122.74486111111106,8.5,125.0,2019-10-06 17:32:21,围网
8121,31.535472222222232,122.76519444444445,4.0,40.0,2019-10-06 17:42:21,围网
8121,31.53783333333333,122.7704722222222,2.9,55.0,2019-10-06 17:52:23,围网
8121,31.540944444444445,122.77655555555555,2.9,99.0,2019-10-06 18:02:51,围网
8121,31.545305555555558,122.78869444444445,2.3,69.0,2019-10-06 18:22:21,围网
8121,31.54683333333333,122.7949722222222,1.9,94.0,2019-10-06 18:32:21,围网
8121,31.547027777777767,122.80161111111107,1.7,100.0,2019-10-06 18:42:21,围网
8121,31.54716666666667,122.80822222222223,2.3,77.0,2019-10-06 18:52:21,围网
8121,31.54716666666667,122.8147777777778,1.5,109.0,2019-10-06 19:02:21,围网
8121,31.54750000000001,122.82136111111107,2.3,89.0,2019-10-06 19:12:21,围网
8121,31.547638888888887,122.8279722222222,2.8,111.0,2019-10-06 19:22:21,围网
8121,31.54744444444445,122.83469444444445,2.8,124.0,2019-10-06 19:32:21,围网
8121,31.547472222222233,122.8415,2.8,94.0,2019-10-06 19:42:21,围网
8121,31.54752777777778,122.84869444444445,2.1,105.0,2019-10-06 19:52:52,围网
8121,31.547583333333336,122.85511111111107,2.4,89.0,2019-10-06 20:02:21,围网
8121,31.547750000000004,122.86183333333334,1.7,71.0,2019-10-06 20:12:21,围网
8121,31.547555555555558,122.8685,1.8,95.0,2019-10-06 20:22:21,围网
8121,31.54705555555556,122.87522222222222,2.1,106.0,2019-10-06 20:32:21,围网
8121,31.54683333333333,122.88191666666664,1.6,88.0,2019-10-06 20:42:21,围网
8121,31.54663888888889,122.88858333333332,1.9,91.0,2019-10-06 20:52:21,围网
8121,31.54583333333333,122.90191666666666,2.3,88.0,2019-10-06 21:12:21,围网
8121,31.54513888888889,122.90855555555555,1.8,90.0,2019-10-06 21:22:21,围网
8121,31.543222222222226,122.92172222222223,2.0,76.0,2019-10-06 21:42:21,围网
8121,31.54405555555556,122.92822222222223,1.7,78.0,2019-10-06 21:52:20,围网
8121,31.54594444444445,122.93455555555555,2.0,58.0,2019-10-06 22:02:50,围网
8121,31.5485,122.9394722222222,1.8,31.0,2019-10-06 22:12:20,围网
8121,31.548250000000003,122.94575,1.6,107.0,2019-10-06 22:22:19,围网
8121,31.54733333333333,122.95208333333332,2.0,88.0,2019-10-06 22:32:19,围网
8121,31.545638888888888,122.95811111111112,2.0,88.0,2019-10-06 22:42:19,围网
8121,31.54272222222223,122.96366666666668,2.3,132.0,2019-10-06 22:52:19,围网
8121,31.539222222222207,122.96866666666668,2.0,134.0,2019-10-06 23:02:19,围网
8121,31.53536111111111,122.97319444444445,2.1,138.0,2019-10-06 23:12:19,围网
8121,31.531055555555557,122.97708333333333,3.2,230.0,2019-10-06 23:22:19,围网
8121,31.533638888888888,122.97405555555555,0.1,0.0,2019-10-06 23:32:19,围网
8121,31.53263888888889,122.97336111111107,0.3,0.0,2019-10-06 23:42:51,围网
8121,31.52561111111111,122.98644444444444,8.3,122.0,2019-10-06 23:52:19,围网
8121,31.516277777777766,123.00902777777776,7.7,91.0,2019-10-07 00:02:19,围网
8121,31.512583333333332,123.01308333333333,1.8,256.0,2019-10-07 00:12:19,围网
8121,31.5115,123.00683333333332,2.4,259.0,2019-10-07 00:22:19,围网
8121,31.51163888888889,123.00038888888888,2.1,268.0,2019-10-07 00:32:19,围网
8121,31.51161111111111,122.99394444444445,2.1,280.0,2019-10-07 00:42:19,围网
8121,31.51116666666667,122.98766666666668,2.1,276.0,2019-10-07 00:52:19,围网
8121,31.510472222222226,122.9814722222222,2.2,276.0,2019-10-07 01:02:19,围网
8121,31.50966666666667,122.9752777777778,1.7,0.0,2019-10-07 01:12:19,围网
8121,31.50891666666667,122.96905555555556,1.5,0.0,2019-10-07 01:22:19,围网
8121,31.509,122.96263888888888,2.2,291.0,2019-10-07 01:32:19,围网
8121,31.50991666666667,122.95625,1.7,0.0,2019-10-07 01:42:19,围网
8121,31.511,122.94975,2.5,158.0,2019-10-07 01:52:19,围网
8121,31.51219444444445,122.94266666666668,2.1,270.0,2019-10-07 02:02:50,围网
8121,31.512777777777767,122.93630555555555,2.5,292.0,2019-10-07 02:12:19,围网
8121,31.513388888888887,122.92963888888887,2.7,292.0,2019-10-07 02:22:19,围网
8121,31.51425,122.92311111111113,2.7,289.0,2019-10-07 02:32:19,围网
8121,31.515166666666666,122.91644444444445,2.4,274.0,2019-10-07 02:42:19,围网
8121,31.51558333333333,122.90986111111113,2.7,267.0,2019-10-07 02:52:19,围网
8121,31.516361111111113,122.90336111111112,1.8,281.0,2019-10-07 03:02:19,围网
8121,31.51747222222221,122.89691666666668,2.0,276.0,2019-10-07 03:12:19,围网
8121,31.51822222222221,122.89036111111112,2.1,286.0,2019-10-07 03:22:22,围网
8121,31.51913888888889,122.8835277777778,2.6,265.0,2019-10-07 03:32:51,围网
8121,31.520055555555555,122.8774722222222,2.3,269.0,2019-10-07 03:42:18,围网
8121,31.52119444444445,122.87125,2.1,292.0,2019-10-07 03:52:18,围网
8121,31.522277777777767,122.86491666666666,1.7,272.0,2019-10-07 04:02:18,围网
8121,31.523805555555555,122.85861111111107,2.0,273.0,2019-10-07 04:12:19,围网
8121,31.525388888888887,122.85247222222219,2.1,300.0,2019-10-07 04:22:18,围网
8121,31.526416666666666,122.84627777777777,1.9,290.0,2019-10-07 04:32:18,围网
8121,31.527305555555554,122.84027777777777,1.6,278.0,2019-10-07 04:42:18,围网
8121,31.52808333333333,122.83430555555556,1.7,281.0,2019-10-07 04:52:18,围网
8121,31.530361111111112,122.82844444444444,2.0,285.0,2019-10-07 05:02:18,围网
8121,31.533722222222234,122.823,1.8,304.0,2019-10-07 05:12:18,围网
8121,31.53744444444445,122.81769444444444,1.5,288.0,2019-10-07 05:22:18,围网
8121,31.541527777777766,122.81280555555556,2.6,326.0,2019-10-07 05:32:18,围网
8121,31.54583333333333,122.80825,2.3,340.0,2019-10-07 05:42:18,围网
8121,31.55044444444445,122.80405555555555,3.0,336.0,2019-10-07 05:52:18,围网
8121,31.551055555555557,122.80544444444445,1.9,0.0,2019-10-07 06:02:50,围网
8121,31.55216666666667,122.80552777777777,0.7,0.0,2019-10-07 06:12:18,围网
8121,31.552916666666665,122.80688888888888,5.8,150.0,2019-10-07 06:22:18,围网
8121,31.543055555555558,122.81130555555555,3.0,133.0,2019-10-07 06:32:18,围网
8121,31.54594444444445,122.8160277777778,1.2,0.0,2019-10-07 06:42:21,围网
8121,31.55008333333333,122.82086111111107,3.4,37.0,2019-10-07 06:52:46,围网
8121,31.55386111111111,122.82525,1.7,41.0,2019-10-07 07:02:18,围网
8121,31.557805555555557,122.83013888888887,2.7,31.0,2019-10-07 07:12:18,围网
8121,31.56055555555556,122.83594444444445,2.1,86.0,2019-10-07 07:22:18,围网
8121,31.56138888888889,122.84944444444444,2.1,78.0,2019-10-07 07:42:18,围网
8121,31.561555555555554,122.85616666666668,2.2,95.0,2019-10-07 07:52:18,围网
8121,31.561416666666666,122.86288888888888,2.6,93.0,2019-10-07 08:02:18,围网
8121,31.56088888888889,122.86958333333332,2.4,100.0,2019-10-07 08:12:18,围网
8121,31.559722222222234,122.87627777777777,3.1,106.0,2019-10-07 08:22:18,围网
8121,31.55986111111111,122.88294444444445,2.7,92.0,2019-10-07 08:32:18,围网
8121,31.55969444444445,122.8894722222222,1.8,82.0,2019-10-07 08:42:18,围网
8121,31.558972222222234,122.89611111111113,2.4,99.0,2019-10-07 08:52:18,围网
8121,31.55802777777778,122.90299999999999,2.1,89.0,2019-10-07 09:02:17,围网
8121,31.555916666666665,122.91700000000002,2.3,113.0,2019-10-07 09:22:51,围网
8121,31.55483333333333,122.92336111111106,1.6,93.0,2019-10-07 09:32:17,围网
8121,31.552138888888887,122.9370277777778,2.4,118.0,2019-10-07 09:52:17,围网
8121,31.55041666666667,122.94375,2.0,107.0,2019-10-07 10:02:17,围网
8121,31.548111111111112,122.95036111111112,2.4,113.0,2019-10-07 10:12:17,围网
8121,31.545777777777786,122.95697222222222,2.1,90.0,2019-10-07 10:22:17,围网
8121,31.54341666666667,122.9635,2.0,99.0,2019-10-07 10:32:17,围网
8121,31.53955555555555,122.96938888888887,2.3,133.0,2019-10-07 10:42:18,围网
8121,31.53122222222222,122.98030555555556,2.1,127.0,2019-10-07 11:02:18,围网
8121,31.527027777777768,122.98591666666668,3.3,0.0,2019-10-07 11:12:19,围网
8121,31.52275,122.99163888888887,2.3,120.0,2019-10-07 11:22:18,围网
8121,31.51833333333333,122.9975277777778,1.9,119.0,2019-10-07 11:32:45,围网
8121,31.51511111111111,123.00322222222223,2.2,104.0,2019-10-07 11:42:17,围网
8121,31.51233333333333,123.00913888888887,1.8,0.0,2019-10-07 11:52:17,围网
8121,31.50869444444445,123.01502777777776,1.7,136.0,2019-10-07 12:02:51,围网
8121,31.50475,123.01422222222223,1.7,142.0,2019-10-07 12:22:17,围网
8121,31.50052777777778,123.01533333333334,1.4,160.0,2019-10-07 12:32:17,围网
8121,31.49641666666667,123.01638888888887,1.4,167.0,2019-10-07 12:42:17,围网
8121,31.49238888888889,123.01719444444444,1.4,183.0,2019-10-07 12:52:17,围网
8121,31.4885,123.01769444444444,1.3,170.0,2019-10-07 13:02:17,围网
8121,31.484777777777786,123.014,5.9,263.0,2019-10-07 13:12:17,围网
8121,31.482055555555554,123.00666666666666,2.6,256.0,2019-10-07 13:22:17,围网
8121,31.47930555555555,123.00058333333332,3.2,224.0,2019-10-07 13:32:17,围网
8121,31.478444444444442,122.99402777777777,3.0,174.0,2019-10-07 13:42:24,围网
8121,31.477555555555554,122.98766666666668,1.7,269.0,2019-10-07 13:52:17,围网
8121,31.477694444444445,122.98133333333334,1.6,291.0,2019-10-07 14:02:17,围网
8121,31.47786111111111,122.97502777777778,3.1,247.0,2019-10-07 14:12:17,围网
8121,31.477694444444445,122.96855555555555,1.4,247.0,2019-10-07 14:22:17,围网
8121,31.477527777777766,122.96197222222222,2.2,256.0,2019-10-07 14:32:17,围网
8121,31.4775,122.95536111111113,2.6,249.0,2019-10-07 14:42:16,围网
8121,31.478,122.94869444444444,2.4,264.0,2019-10-07 14:52:16,围网
8121,31.477888888888888,122.94197222222222,2.0,279.0,2019-10-07 15:02:16,围网
8121,31.47786111111111,122.93533333333336,2.1,261.0,2019-10-07 15:12:16,围网
8121,31.477138888888888,122.92863888888887,3.7,240.0,2019-10-07 15:22:16,围网
8121,31.47741666666667,122.92161111111112,1.9,281.0,2019-10-07 15:32:45,围网
8121,31.477722222222226,122.91525,2.1,261.0,2019-10-07 15:42:16,围网
8121,31.47847222222222,122.90205555555555,2.0,270.0,2019-10-07 16:02:16,围网
8121,31.47872222222221,122.8955,2.0,276.0,2019-10-07 16:12:16,围网
8121,31.479055555555547,122.88902777777778,1.7,275.0,2019-10-07 16:22:16,围网
8121,31.47933333333333,122.88266666666668,2.1,257.0,2019-10-07 16:32:16,围网
8121,31.479861111111113,122.8762222222222,1.9,291.0,2019-10-07 16:42:16,围网
8121,31.48119444444444,122.86338888888888,2.1,242.0,2019-10-07 17:02:16,围网
8121,31.48172222222221,122.85705555555555,1.4,279.0,2019-10-07 17:12:17,围网
8121,31.48230555555555,122.85102777777777,1.3,0.0,2019-10-07 17:22:16,围网
8121,31.483638888888887,122.84505555555555,1.5,282.0,2019-10-07 17:32:16,围网
8121,31.485277777777767,122.8389722222222,1.9,272.0,2019-10-07 17:42:16,围网
8121,31.48675,122.83305555555555,1.9,321.0,2019-10-07 17:52:16,围网
8121,31.492361111111112,122.8292777777778,1.9,340.0,2019-10-07 18:02:44,围网
8121,31.498,122.83055555555555,2.7,49.0,2019-10-07 18:12:16,围网
8121,31.494777777777767,122.8305,0.3,0.0,2019-10-07 18:22:16,围网
8121,31.494055555555555,122.8305,0.4,0.0,2019-10-07 18:32:16,围网
8121,31.49436111111111,122.81816666666666,6.8,278.0,2019-10-07 18:42:16,围网
8121,31.497916666666665,122.79605555555555,7.1,277.0,2019-10-07 18:52:16,围网
8121,31.49558333333333,122.79105555555556,3.3,136.0,2019-10-07 19:02:16,围网
8121,31.49363888888889,122.79641666666666,2.2,82.0,2019-10-07 19:12:16,围网
8121,31.49463888888889,122.80919444444444,2.1,94.0,2019-10-07 19:32:16,围网
8121,31.495027777777786,122.81558333333332,2.2,82.0,2019-10-07 19:42:16,围网
8121,31.49511111111111,122.82211111111113,2.2,93.0,2019-10-07 19:52:15,围网
8121,31.49483333333333,122.83538888888887,2.5,106.0,2019-10-07 20:12:15,围网
8121,31.494722222222233,122.84191666666666,3.3,106.0,2019-10-07 20:22:15,围网
8121,31.495694444444442,122.84919444444445,2.4,87.0,2019-10-07 20:32:45,围网
8121,31.496472222222234,122.85555555555555,2.4,97.0,2019-10-07 20:42:15,围网
8121,31.496333333333336,122.86233333333332,2.8,88.0,2019-10-07 20:52:15,围网
8121,31.49525,122.86911111111107,2.8,108.0,2019-10-07 21:02:15,围网
8121,31.49505555555556,122.87591666666668,2.2,93.0,2019-10-07 21:12:15,围网
8121,31.494972222222234,122.88258333333332,2.4,99.0,2019-10-07 21:22:15,围网
8121,31.49475,122.8894722222222,1.9,75.0,2019-10-07 21:32:15,围网
8121,31.49441666666667,122.89636111111106,1.8,87.0,2019-10-07 21:42:15,围网
8121,31.49444444444445,122.90330555555555,2.2,86.0,2019-10-07 21:52:15,围网
8121,31.49458333333333,122.91013888888894,1.7,85.0,2019-10-07 22:02:15,围网
8121,31.49258333333333,122.91675,2.0,97.0,2019-10-07 22:12:15,围网
8121,31.490388888888887,122.93025,2.2,91.0,2019-10-07 22:32:15,围网
8121,31.489722222222234,122.93686111111113,2.9,52.0,2019-10-07 22:42:15,围网
8121,31.48933333333333,122.94363888888887,2.0,95.0,2019-10-07 22:52:15,围网
8121,31.488944444444453,122.9505,0.9,0.0,2019-10-07 23:02:15,围网
8121,31.48858333333333,122.9572777777778,2.3,99.0,2019-10-07 23:12:15,围网
8121,31.488083333333336,122.96391666666666,1.8,0.0,2019-10-07 23:22:15,围网
8121,31.48719444444445,122.97075,2.4,106.0,2019-10-07 23:32:27,围网
8121,31.486638888888887,122.97730555555556,1.9,105.0,2019-10-07 23:42:15,围网
8121,31.48605555555556,122.98422222222223,2.5,108.0,2019-10-07 23:52:29,围网
8121,31.48544444444445,122.99091666666666,2.4,102.0,2019-10-08 00:02:57,围网
8121,31.48469444444445,122.99683333333334,2.2,101.0,2019-10-08 00:12:15,围网
8121,31.48366666666667,123.00322222222223,1.7,96.0,2019-10-08 00:22:15,围网
8121,31.482916666666664,123.00958333333332,2.2,109.0,2019-10-08 00:32:15,围网
8121,31.48244444444445,123.01566666666666,1.7,97.0,2019-10-08 00:42:15,围网
8121,31.48186111111111,123.02163888888887,2.0,110.0,2019-10-08 00:52:15,围网
8121,31.48072222222222,123.02075,0.8,255.0,2019-10-08 01:02:15,围网
8121,31.479194444444442,123.02188888888887,1.4,130.0,2019-10-08 01:12:14,围网
8121,31.47594444444444,123.02377777777778,2.1,150.0,2019-10-08 01:22:14,围网
8121,31.484444444444453,123.01544444444444,6.6,325.0,2019-10-08 01:32:14,围网
8121,31.49513888888889,123.00191666666666,4.8,300.0,2019-10-08 01:42:18,围网
8121,31.50466666666667,122.98669444444445,5.6,272.0,2019-10-08 01:52:45,围网
8121,31.50555555555556,122.98136111111113,2.4,259.0,2019-10-08 02:02:14,围网
8121,31.504305555555554,122.97375,2.1,248.0,2019-10-08 02:12:14,围网
8121,31.50197222222221,122.96819444444445,1.7,262.0,2019-10-08 02:22:14,围网
8121,31.50186111111111,122.96205555555555,1.8,247.0,2019-10-08 02:32:14,围网
8121,31.500416666666666,122.95586111111106,2.1,247.0,2019-10-08 02:42:14,围网
8121,31.50033333333333,122.94966666666667,2.2,270.0,2019-10-08 02:52:14,围网
8121,31.50008333333333,122.94333333333334,1.9,253.0,2019-10-08 03:02:14,围网
8121,31.49933333333333,122.93711111111112,1.6,273.0,2019-10-08 03:12:14,围网
8121,31.500222222222234,122.93088888888893,2.1,274.0,2019-10-08 03:22:14,围网
8121,31.49975,122.92455555555556,1.2,0.0,2019-10-08 03:32:14,围网
8121,31.499222222222233,122.91841666666667,1.3,285.0,2019-10-08 03:42:14,围网
8121,31.499000000000002,122.91216666666666,1.8,261.0,2019-10-08 03:52:14,围网
8121,31.49916666666667,122.9055277777778,2.0,290.0,2019-10-08 04:02:44,围网
8121,31.49819444444445,122.89963888888893,2.7,232.0,2019-10-08 04:12:14,围网
8121,31.49825,122.89341666666668,1.7,281.0,2019-10-08 04:22:14,围网
8121,31.49913888888889,122.88708333333334,1.4,262.0,2019-10-08 04:32:14,围网
8121,31.4995,122.8809722222222,1.9,267.0,2019-10-08 04:42:14,围网
8121,31.500416666666666,122.87472222222222,2.5,284.0,2019-10-08 04:52:14,围网
8121,31.50083333333333,122.86866666666668,2.5,245.0,2019-10-08 05:02:14,围网
8121,31.50111111111111,122.8625,1.0,0.0,2019-10-08 05:12:14,围网
8121,31.502111111111113,122.85644444444445,1.8,274.0,2019-10-08 05:22:14,围网
8121,31.503416666666666,122.85044444444445,1.1,301.0,2019-10-08 05:32:14,围网
8121,31.50461111111111,122.84466666666664,1.7,288.0,2019-10-08 05:42:14,围网
8121,31.50561111111111,122.83891666666666,1.7,288.0,2019-10-08 05:52:14,围网
8121,31.50822222222222,122.83341666666666,1.8,287.0,2019-10-08 06:02:14,围网
8121,31.509638888888887,122.82775,0.6,0.0,2019-10-08 06:12:14,围网
8121,31.51152777777777,122.82180555555556,1.8,252.0,2019-10-08 06:22:16,围网
8121,31.514388888888888,122.81663888888887,0.3,0.0,2019-10-08 06:32:16,围网
8121,31.51738888888889,122.81219444444444,1.6,330.0,2019-10-08 06:42:27,围网
8121,31.51988888888889,122.8072222222222,1.5,293.0,2019-10-08 06:52:13,围网
8121,31.528444444444442,122.80719444444445,3.0,18.0,2019-10-08 07:12:13,围网
8121,31.52563888888889,122.80583333333333,0.6,158.0,2019-10-08 07:22:13,围网
8121,31.52422222222221,122.8070277777778,1.9,183.0,2019-10-08 07:32:13,围网
8121,31.51858333333333,122.78833333333333,7.4,241.0,2019-10-08 07:42:14,围网
8121,31.511972222222226,122.77013888888888,1.6,55.0,2019-10-08 07:52:13,围网
8121,31.508888888888887,122.77366666666668,1.8,112.0,2019-10-08 08:02:26,围网
8121,31.507305555555554,122.7795,2.1,116.0,2019-10-08 08:12:13,围网
8121,31.505222222222233,122.78516666666668,2.1,92.0,2019-10-08 08:22:13,围网
8121,31.50308333333333,122.791,2.2,88.0,2019-10-08 08:32:13,围网
8121,31.501166666666666,122.79694444444445,2.4,142.0,2019-10-08 08:42:13,围网
8121,31.50011111111111,122.80336111111107,1.9,110.0,2019-10-08 08:52:13,围网
8121,31.49813888888889,122.81605555555555,2.9,120.0,2019-10-08 09:12:13,围网
8121,31.49683333333333,122.82252777777776,1.4,119.0,2019-10-08 09:22:13,围网
8121,31.495472222222233,122.82933333333334,2.1,94.0,2019-10-08 09:32:27,围网
8121,31.493111111111112,122.8424722222222,1.8,94.0,2019-10-08 09:52:13,围网
8121,31.492027777777786,122.8492222222222,1.9,72.0,2019-10-08 10:02:13,围网
8121,31.491972222222234,122.85583333333332,1.8,58.0,2019-10-08 10:12:13,围网
8121,31.491555555555554,122.86244444444445,2.8,106.0,2019-10-08 10:22:13,围网
8121,31.49072222222221,122.8689722222222,2.8,103.0,2019-10-08 10:32:13,围网
8121,31.48975,122.87552777777776,2.0,98.0,2019-10-08 10:42:13,围网
8121,31.48830555555556,122.88822222222224,1.4,98.0,2019-10-08 11:02:13,围网
8121,31.487222222222233,122.89463888888888,2.4,89.0,2019-10-08 11:12:12,围网
8121,31.485861111111113,122.90119444444444,1.3,90.0,2019-10-08 11:22:12,围网
8121,31.484222222222233,122.90775,2.5,115.0,2019-10-08 11:32:12,围网
8121,31.48311111111111,122.91419444444445,1.3,0.0,2019-10-08 11:42:12,围网
8121,31.48183333333333,122.92069444444445,2.0,118.0,2019-10-08 11:52:27,围网
8121,31.479944444444445,122.92705555555555,1.6,111.0,2019-10-08 12:02:27,围网
8121,31.47875,122.93308333333331,2.0,103.0,2019-10-08 12:12:12,围网
8121,31.476305555555548,122.9392777777778,1.6,117.0,2019-10-08 12:22:12,围网
8121,31.47433333333333,122.94533333333334,2.3,106.0,2019-10-08 12:32:12,围网
8121,31.47294444444444,122.95133333333334,1.2,106.0,2019-10-08 12:42:12,围网
8121,31.47069444444444,122.9572777777778,2.6,129.0,2019-10-08 12:52:12,围网
8121,31.468000000000004,122.96297222222222,2.1,118.0,2019-10-08 13:02:12,围网
8121,31.46483333333333,122.96863888888888,2.7,130.0,2019-10-08 13:12:12,围网
8121,31.461972222222233,122.9742222222222,2.5,129.0,2019-10-08 13:22:12,围网
8121,31.45894444444445,122.97961111111113,2.1,133.0,2019-10-08 13:32:12,围网
8121,31.455111111111112,122.98466666666668,3.1,141.0,2019-10-08 13:42:12,围网
8121,31.45133333333333,122.98341666666668,6.6,16.0,2019-10-08 14:12:12,围网
8121,31.469166666666666,122.98325,6.6,349.0,2019-10-08 14:22:12,围网
8121,31.469805555555553,122.97933333333334,2.1,234.0,2019-10-08 14:32:12,围网
8121,31.466305555555557,122.9735,2.2,231.0,2019-10-08 14:42:13,围网
8121,31.462694444444452,122.96772222222219,2.2,243.0,2019-10-08 14:52:12,围网
8121,31.460305555555554,122.96122222222222,2.1,265.0,2019-10-08 15:02:25,围网
8121,31.45963888888889,122.95480555555555,1.7,259.0,2019-10-08 15:12:11,围网
8121,31.459277777777768,122.94844444444445,1.8,276.0,2019-10-08 15:22:12,围网
8121,31.45894444444445,122.942,1.5,278.0,2019-10-08 15:32:12,围网
8121,31.45872222222221,122.9352222222222,1.4,263.0,2019-10-08 15:42:11,围网
8121,31.457722222222234,122.92822222222223,1.7,247.0,2019-10-08 15:52:11,围网
8121,31.45727777777777,122.92122222222223,2.0,255.0,2019-10-08 16:02:11,围网
8121,31.456555555555553,122.9140277777778,1.8,249.0,2019-10-08 16:12:23,围网
8121,31.456277777777768,122.90708333333332,1.8,285.0,2019-10-08 16:22:11,围网
8121,31.45625,122.9,2.0,270.0,2019-10-08 16:32:11,围网
8121,31.456416666666666,122.89299999999999,2.6,271.0,2019-10-08 16:42:11,围网
8121,31.456888888888887,122.88605555555556,2.1,265.0,2019-10-08 16:52:11,围网
8121,31.457472222222233,122.87897222222222,2.3,270.0,2019-10-08 17:02:11,围网
8121,31.45788888888889,122.87194444444445,2.1,277.0,2019-10-08 17:12:10,围网
8121,31.45847222222222,122.86466666666666,1.6,0.0,2019-10-08 17:22:15,围网
8121,31.45888888888889,122.85755555555555,2.3,265.0,2019-10-08 17:32:10,围网
8121,31.459611111111112,122.85036111111113,2.6,270.0,2019-10-08 17:42:10,围网
8121,31.460694444444442,122.84325,2.2,289.0,2019-10-08 17:52:10,围网
8121,31.46188888888889,122.83605555555555,1.8,283.0,2019-10-08 18:02:25,围网
8121,31.462972222222234,122.82908333333332,2.3,289.0,2019-10-08 18:12:10,围网
8121,31.463777777777768,122.8220277777778,2.4,279.0,2019-10-08 18:22:10,围网
8121,31.464861111111112,122.81505555555556,2.0,282.0,2019-10-08 18:32:10,围网
8121,31.46641666666667,122.80805555555555,1.9,280.0,2019-10-08 18:42:10,围网
8121,31.467916666666664,122.80127777777778,2.0,280.0,2019-10-08 18:52:11,围网
8121,31.469916666666666,122.79472222222222,1.8,307.0,2019-10-08 19:02:10,围网
8121,31.47008333333333,122.78816666666668,2.0,260.0,2019-10-08 19:12:10,围网
8121,31.47211111111111,122.78161111111108,1.8,284.0,2019-10-08 19:22:12,围网
8121,31.47497222222221,122.77561111111113,1.3,300.0,2019-10-08 19:32:11,围网
8121,31.47855555555555,122.77030555555555,1.7,310.0,2019-10-08 19:42:25,围网
8121,31.482138888888887,122.76527777777778,2.3,317.0,2019-10-08 19:52:10,围网
8121,31.48536111111111,122.76013888888887,1.9,320.0,2019-10-08 20:02:10,围网
8121,31.49075,122.758,1.8,345.0,2019-10-08 20:12:10,围网
8121,31.496388888888887,122.76108333333332,1.8,56.0,2019-10-08 20:22:11,围网
8121,31.49525,122.76044444444445,0.7,147.0,2019-10-08 20:32:26,围网
8121,31.49527777777779,122.75986111111106,0.2,0.0,2019-10-08 20:42:10,围网
8121,31.495638888888887,122.759,0.1,0.0,2019-10-08 20:52:10,围网
8121,31.53322222222221,122.74025,9.0,346.0,2019-10-08 21:12:10,围网
8121,31.55463888888889,122.72922222222223,8.6,330.0,2019-10-08 21:22:10,围网
8121,31.56636111111111,122.72544444444445,3.7,61.0,2019-10-08 21:32:10,围网
8121,31.56758333333333,122.73355555555555,1.7,76.0,2019-10-08 21:42:10,围网
8121,31.56861111111111,122.74011111111106,2.4,87.0,2019-10-08 21:52:10,围网
8121,31.56944444444445,122.74661111111112,1.4,85.0,2019-10-08 22:02:10,围网
8121,31.570138888888888,122.75311111111112,2.1,86.0,2019-10-08 22:12:10,围网
8121,31.570611111111113,122.7597222222222,1.9,81.0,2019-10-08 22:22:09,围网
8121,31.571027777777786,122.76641666666666,2.6,98.0,2019-10-08 22:32:09,围网
8121,31.5715,122.77308333333332,2.1,93.0,2019-10-08 22:42:09,围网
8121,31.57208333333333,122.77972222222222,1.4,88.0,2019-10-08 22:52:09,围网
8121,31.57183333333333,122.79275,2.3,90.0,2019-10-08 23:12:09,围网
8121,31.571444444444445,122.7995,1.7,90.0,2019-10-08 23:22:09,围网
8121,31.571055555555557,122.80627777777778,2.2,84.0,2019-10-08 23:32:09,围网
8121,31.57094444444445,122.81313888888887,2.3,89.0,2019-10-08 23:42:26,围网
8121,31.57097222222221,122.81941666666664,1.9,79.0,2019-10-08 23:52:09,围网
8121,31.57080555555555,122.82588888888893,1.9,90.0,2019-10-09 00:02:26,围网
8121,31.56936111111111,122.8322222222222,2.4,94.0,2019-10-09 00:12:09,围网
8121,31.56722222222221,122.83855555555556,1.3,100.0,2019-10-09 00:22:09,围网
8121,31.56580555555556,122.84491666666666,1.8,98.0,2019-10-09 00:32:09,围网
8121,31.56438888888889,122.85119444444445,1.8,100.0,2019-10-09 00:42:09,围网
8121,31.56283333333333,122.85744444444444,2.4,98.0,2019-10-09 00:52:09,围网
8121,31.561999999999998,122.86394444444444,2.0,98.0,2019-10-09 01:02:09,围网
8121,31.56125,122.87033333333332,2.2,89.0,2019-10-09 01:12:09,围网
8121,31.56008333333333,122.87663888888888,2.2,115.0,2019-10-09 01:22:09,围网
8121,31.558277777777786,122.88291666666666,2.0,113.0,2019-10-09 01:32:09,围网
8121,31.55666666666667,122.88919444444444,1.9,87.0,2019-10-09 01:42:09,围网
8121,31.555750000000003,122.8952777777778,3.2,121.0,2019-10-09 01:52:09,围网
8121,31.55488888888889,122.9012777777778,1.6,0.0,2019-10-09 02:02:09,围网
8121,31.552944444444442,122.90711111111112,1.9,138.0,2019-10-09 02:12:11,围网
8121,31.550611111111113,122.91294444444445,3.0,136.0,2019-10-09 02:22:11,围网
8121,31.54780555555556,122.91838888888893,2.0,133.0,2019-10-09 02:32:15,围网
8121,31.544638888888887,122.92347222222222,1.6,125.0,2019-10-09 02:42:26,围网
8121,31.541277777777786,122.92811111111112,2.1,134.0,2019-10-09 02:52:09,围网
8121,31.54102777777778,122.92708333333331,2.4,322.0,2019-10-09 03:02:09,围网
8121,31.54047222222223,122.92658333333334,0.5,0.0,2019-10-09 03:12:09,围网
8121,31.538611111111113,122.9247777777778,1.0,211.0,2019-10-09 03:22:09,围网
8121,31.532527777777766,122.92913888888887,5.8,90.0,2019-10-09 03:32:08,围网
8121,31.528527777777786,122.94836111111113,5.7,91.0,2019-10-09 03:42:08,围网
8121,31.523194444444442,122.96302777777777,5.3,119.0,2019-10-09 03:52:08,围网
8121,31.521305555555557,122.96680555555555,2.0,107.0,2019-10-09 04:02:08,围网
8121,31.52083333333333,122.96766666666667,0.1,0.0,2019-10-09 04:12:08,围网
8121,31.51919444444445,122.966,1.1,232.0,2019-10-09 04:22:08,围网
8121,31.51758333333333,122.96433333333334,0.3,0.0,2019-10-09 04:32:08,围网
8121,31.516277777777766,122.96291666666666,0.7,130.0,2019-10-09 04:42:08,围网
8121,31.514277777777767,122.95752777777777,2.2,258.0,2019-10-09 04:52:08,围网
8121,31.513027777777786,122.95105555555556,2.1,269.0,2019-10-09 05:02:08,围网
8121,31.51222222222221,122.94441666666668,1.7,255.0,2019-10-09 05:12:08,围网
8121,31.511555555555553,122.93777777777778,1.8,243.0,2019-10-09 05:22:08,围网
8121,31.510527777777767,122.93130555555555,1.7,256.0,2019-10-09 05:32:08,围网
8121,31.50997222222223,122.92447222222222,2.2,278.0,2019-10-09 05:42:26,围网
8121,31.509777777777767,122.91791666666668,2.0,263.0,2019-10-09 05:52:08,围网
8121,31.50944444444445,122.91111111111113,1.9,264.0,2019-10-09 06:02:08,围网
8121,31.509138888888888,122.9044722222222,2.1,273.0,2019-10-09 06:12:08,围网
8121,31.50938888888889,122.89758333333334,2.2,290.0,2019-10-09 06:22:08,围网
8121,31.509722222222226,122.89072222222224,2.3,276.0,2019-10-09 06:32:08,围网
8121,31.510277777777766,122.88386111111113,2.6,282.0,2019-10-09 06:42:08,围网
8121,31.510805555555557,122.87708333333332,2.3,274.0,2019-10-09 06:52:08,围网
8121,31.51144444444445,122.87038888888887,1.7,286.0,2019-10-09 07:02:08,围网
8121,31.51244444444445,122.86366666666667,1.8,278.0,2019-10-09 07:12:08,围网
8121,31.5135,122.85705555555555,2.1,269.0,2019-10-09 07:22:08,围网
8121,31.51447222222221,122.85044444444445,1.9,277.0,2019-10-09 07:32:08,围网
8121,31.515666666666664,122.84386111111107,2.2,291.0,2019-10-09 07:42:09,围网
8121,31.517055555555554,122.8375,2.3,297.0,2019-10-09 07:52:08,围网
8121,31.518694444444442,122.8310277777778,2.0,285.0,2019-10-09 08:02:25,围网
8121,31.520055555555555,122.82488888888888,2.5,296.0,2019-10-09 08:12:08,围网
8121,31.521555555555555,122.81861111111112,1.5,278.0,2019-10-09 08:22:08,围网
8121,31.52325,122.81244444444445,2.6,297.0,2019-10-09 08:32:08,围网
8121,31.52563888888889,122.80658333333334,1.9,286.0,2019-10-09 08:42:08,围网
8121,31.528388888888887,122.80077777777777,2.0,302.0,2019-10-09 08:52:08,围网
8121,31.53102777777778,122.79516666666667,0.6,0.0,2019-10-09 09:02:08,围网
8121,31.534055555555554,122.78997222222222,1.9,319.0,2019-10-09 09:12:08,围网
8121,31.538250000000005,122.78552777777777,1.9,324.0,2019-10-09 09:22:07,围网
8121,31.54675,122.7775,2.1,326.0,2019-10-09 09:42:07,围网
8121,31.55086111111111,122.77391666666666,1.6,332.0,2019-10-09 09:52:07,围网
8121,31.55633333333333,122.773,2.1,6.0,2019-10-09 10:02:07,围网
8121,31.561888888888888,122.77288888888887,1.9,353.0,2019-10-09 10:12:07,围网
8121,31.567277777777768,122.7732777777778,2.2,1.0,2019-10-09 10:22:07,围网
8121,31.56886111111111,122.77513888888888,1.1,0.0,2019-10-09 10:42:07,围网
8121,31.568527777777767,122.77555555555556,0.8,195.0,2019-10-09 10:52:07,围网
8121,31.5625,122.76102777777778,8.4,211.0,2019-10-09 11:02:07,围网
8121,31.56138888888889,122.73583333333332,7.3,275.0,2019-10-09 11:12:07,围网
8121,31.56213888888889,122.72094444444444,5.0,189.0,2019-10-09 11:22:07,围网
8121,31.56136111111111,122.72752777777778,2.6,117.0,2019-10-09 11:32:09,围网
8121,31.561222222222234,122.73477777777778,2.0,68.0,2019-10-09 11:42:15,围网
8121,31.56055555555556,122.74197222222222,1.9,72.0,2019-10-09 11:52:26,围网
8121,31.56063888888889,122.74869444444445,2.8,70.0,2019-10-09 12:02:07,围网
8121,31.55983333333333,122.75566666666668,1.2,0.0,2019-10-09 12:12:07,围网
8121,31.55905555555556,122.76244444444444,1.8,82.0,2019-10-09 12:22:09,围网
8121,31.55847222222221,122.76902777777777,2.1,95.0,2019-10-09 12:32:07,围网
8121,31.55802777777778,122.77588888888893,2.8,96.0,2019-10-09 12:42:07,围网
8121,31.55713888888889,122.78269444444445,1.9,94.0,2019-10-09 12:52:07,围网
8121,31.55475,122.79611111111107,2.3,112.0,2019-10-09 13:12:26,围网
8121,31.552277777777785,122.80213888888888,1.5,124.0,2019-10-09 13:22:07,围网
8121,31.55008333333333,122.80852777777778,1.9,113.0,2019-10-09 13:32:07,围网
8121,31.54813888888889,122.81502777777777,1.6,106.0,2019-10-09 13:42:07,围网
8121,31.54555555555556,122.82136111111107,1.6,131.0,2019-10-09 13:52:07,围网
8121,31.543111111111113,122.82766666666667,2.7,112.0,2019-10-09 14:02:07,围网
8121,31.54144444444445,122.83388888888888,2.2,91.0,2019-10-09 14:12:06,围网
8121,31.53933333333333,122.84002777777776,1.5,119.0,2019-10-09 14:22:06,围网
8121,31.53625,122.84594444444444,1.9,131.0,2019-10-09 14:32:07,围网
8121,31.533305555555557,122.85180555555556,2.2,109.0,2019-10-09 14:42:06,围网
8121,31.53113888888889,122.85766666666666,1.5,106.0,2019-10-09 14:52:06,围网
8121,31.52788888888889,122.86302777777777,2.2,113.0,2019-10-09 15:02:06,围网
8121,31.52483333333333,122.86844444444445,2.4,119.0,2019-10-09 15:12:06,围网
8121,31.521777777777768,122.87386111111107,2.1,134.0,2019-10-09 15:22:07,围网
8121,31.518527777777766,122.87897222222222,1.5,0.0,2019-10-09 15:32:07,围网
8121,31.51572222222222,122.88422222222223,1.9,100.0,2019-10-09 15:42:06,围网
8121,31.512638888888887,122.88891666666667,2.7,150.0,2019-10-09 16:03:37,围网
8121,31.50294444444444,122.89463888888888,1.6,165.0,2019-10-09 16:12:25,围网
8121,31.497722222222233,122.89552777777777,2.5,175.0,2019-10-09 16:22:06,围网
8121,31.50052777777778,122.89361111111113,0.8,220.0,2019-10-09 16:32:06,围网
8121,31.49866666666667,122.89086111111112,1.3,234.0,2019-10-09 16:42:06,围网
8121,31.49886111111111,122.89086111111112,5.3,81.0,2019-10-09 16:52:06,围网
8121,31.50352777777778,122.90936111111112,6.3,80.0,2019-10-09 17:02:06,围网
8121,31.5095,122.94172222222224,3.0,275.0,2019-10-09 17:22:06,围网
8121,31.50925,122.93291666666669,2.4,263.0,2019-10-09 17:32:06,围网
8121,31.509611111111113,122.92577777777778,2.0,261.0,2019-10-09 17:42:06,围网
8121,31.51013888888889,122.91872222222223,1.8,274.0,2019-10-09 17:52:06,围网
8121,31.51058333333333,122.91169444444445,2.0,266.0,2019-10-09 18:02:06,围网
8121,31.510305555555554,122.90491666666668,2.3,262.0,2019-10-09 18:12:06,围网
8121,31.510055555555557,122.89825,2.0,280.0,2019-10-09 18:22:06,围网
8121,31.509888888888888,122.89158333333334,2.0,270.0,2019-10-09 18:32:06,围网
8121,31.50980555555555,122.88497222222222,1.9,284.0,2019-10-09 18:42:06,围网
8121,31.50958333333333,122.87841666666668,2.0,0.0,2019-10-09 18:52:06,围网
8121,31.50938888888889,122.87172222222222,2.1,0.0,2019-10-09 19:02:06,围网
8121,31.50986111111111,122.86483333333332,2.3,300.0,2019-10-09 19:12:06,围网
8121,31.510305555555554,122.85811111111113,1.0,0.0,2019-10-09 19:22:06,围网
8121,31.51069444444445,122.8515,1.3,0.0,2019-10-09 19:32:07,围网
8121,31.51102777777778,122.84475,1.6,268.0,2019-10-09 19:42:26,围网
8121,31.511194444444445,122.83869444444444,1.9,270.0,2019-10-09 19:52:05,围网
8121,31.51169444444445,122.83238888888887,2.0,283.0,2019-10-09 20:02:05,围网
8121,31.512527777777766,122.8262222222222,1.6,284.0,2019-10-09 20:12:05,围网
8121,31.51372222222221,122.81994444444445,2.0,281.0,2019-10-09 20:22:05,围网
8121,31.515,122.81344444444444,2.3,275.0,2019-10-09 20:32:26,围网
8121,31.516333333333336,122.80741666666668,1.9,279.0,2019-10-09 20:42:06,围网
8121,31.517666666666663,122.80136111111106,2.3,287.0,2019-10-09 20:52:07,围网
8121,31.51975,122.79533333333332,2.0,298.0,2019-10-09 21:02:07,围网
8121,31.52225,122.78933333333332,1.3,0.0,2019-10-09 21:12:05,围网
8121,31.52480555555555,122.78366666666668,1.9,316.0,2019-10-09 21:22:05,围网
8121,31.52769444444445,122.77811111111113,3.1,320.0,2019-10-09 21:32:26,围网
8121,31.53022222222221,122.77288888888887,2.2,314.0,2019-10-09 21:42:05,围网
8121,31.532972222222234,122.76761111111112,2.0,303.0,2019-10-09 21:52:05,围网
8121,31.535694444444445,122.7625277777778,1.9,306.0,2019-10-09 22:02:05,围网
8121,31.53916666666667,122.75788888888887,1.6,318.0,2019-10-09 22:12:05,围网
8121,31.54344444444445,122.75380555555556,2.8,338.0,2019-10-09 22:22:05,围网
8121,31.548111111111112,122.75041666666668,1.8,344.0,2019-10-09 22:32:05,围网
8121,31.54875,122.75208333333332,0.9,155.0,2019-10-09 22:42:05,围网
8121,31.549916666666668,122.75263888888887,0.7,18.0,2019-10-09 22:52:05,围网
8121,31.55172222222221,122.75363888888887,0.8,2.0,2019-10-09 23:02:05,围网
8121,31.56308333333333,122.76652777777777,8.9,39.0,2019-10-09 23:12:05,围网
8121,31.58447222222221,122.78388888888887,9.8,33.0,2019-10-09 23:22:05,围网
8121,31.6075,122.79666666666668,8.2,17.0,2019-10-09 23:32:05,围网
8121,31.6115,122.80113888888887,2.0,71.0,2019-10-09 23:42:07,围网
8121,31.61466666666667,122.80741666666668,1.9,63.0,2019-10-09 23:52:05,围网
8121,31.617611111111113,122.81416666666668,2.4,68.0,2019-10-10 00:02:25,围网
8121,31.619722222222233,122.82075,2.1,80.0,2019-10-10 00:12:05,围网
8121,31.62011111111111,122.82813888888887,2.3,81.0,2019-10-10 00:22:05,围网
8121,31.620222222222232,122.83552777777777,2.3,73.0,2019-10-10 00:32:05,围网
8121,31.620666666666665,122.84283333333332,2.4,78.0,2019-10-10 00:42:05,围网
8121,31.619805555555555,122.86433333333332,2.2,108.0,2019-10-10 01:12:04,围网
8121,31.61916666666667,122.87155555555556,2.1,0.0,2019-10-10 01:22:04,围网
8121,31.6185,122.87577777777777,0.9,0.0,2019-10-10 01:32:07,围网
8121,31.617694444444453,122.8765,1.0,186.0,2019-10-10 01:42:07,围网
8121,31.616861111111113,122.87519444444445,1.8,258.0,2019-10-10 01:52:07,围网
8121,31.61738888888889,122.87297222222222,0.3,0.0,2019-10-10 02:02:04,围网
8121,31.615861111111112,122.87436111111107,0.5,0.0,2019-10-10 02:12:08,围网
8121,31.614305555555557,122.87638888888887,4.1,231.0,2019-10-10 02:22:06,围网
8121,31.61044444444445,122.88108333333332,3.6,66.0,2019-10-10 02:42:26,围网
8121,31.61122222222223,122.8827222222222,6.6,65.0,2019-10-10 02:52:04,围网
8121,31.61269444444445,122.88799999999999,4.1,299.0,2019-10-10 03:02:04,围网
8121,31.62508333333333,122.8917777777778,6.2,345.0,2019-10-10 03:12:04,围网
8121,31.64172222222221,122.88630555555555,5.8,344.0,2019-10-10 03:22:07,围网
8121,31.65138888888889,122.87927777777777,3.8,316.0,2019-10-10 03:32:04,围网
8121,31.6535,122.87705555555556,0.2,0.0,2019-10-10 03:42:04,围网
8121,31.64933333333333,122.87655555555556,2.1,128.0,2019-10-10 03:52:26,围网
8121,31.646,122.88130555555556,1.8,139.0,2019-10-10 04:02:04,围网
8121,31.642166666666668,122.88502777777781,1.9,153.0,2019-10-10 04:12:04,围网
8121,31.637027777777767,122.88594444444445,2.0,198.0,2019-10-10 04:22:04,围网
8121,31.63216666666667,122.88255555555556,1.7,220.0,2019-10-10 04:32:04,围网
8121,31.62875,122.87730555555555,2.1,236.0,2019-10-10 04:42:04,围网
8121,31.62625,122.87152777777777,1.9,246.0,2019-10-10 04:52:04,围网
8121,31.62372222222222,122.8659722222222,2.4,246.0,2019-10-10 05:02:04,围网
8121,31.62144444444445,122.86041666666664,2.0,249.0,2019-10-10 05:12:04,围网
8121,31.619694444444452,122.85458333333332,1.8,255.0,2019-10-10 05:22:04,围网
8121,31.618055555555557,122.84869444444445,2.1,254.0,2019-10-10 05:32:03,围网
8121,31.616111111111113,122.84280555555556,1.9,245.0,2019-10-10 05:42:03,围网
8121,31.614305555555557,122.83691666666664,2.0,251.0,2019-10-10 05:52:03,围网
8121,31.613222222222234,122.83038888888888,1.9,261.0,2019-10-10 06:02:25,围网
8121,31.613194444444453,122.82408333333332,2.1,274.0,2019-10-10 06:12:03,围网
8121,31.61633333333333,122.80344444444445,2.1,283.0,2019-10-10 06:42:03,围网
8121,31.61847222222222,122.79647222222222,2.4,285.0,2019-10-10 06:52:03,围网
8121,31.621277777777767,122.78961111111113,2.4,303.0,2019-10-10 07:02:07,围网
8121,31.624527777777786,122.78283333333334,2.4,313.0,2019-10-10 07:12:19,围网
8121,31.62811111111111,122.77786111111112,1.5,89.0,2019-10-10 07:22:03,围网
8121,31.62802777777778,122.7799722222222,1.0,0.0,2019-10-10 07:32:03,围网
8121,31.63133333333333,122.77691666666666,1.1,336.0,2019-10-10 07:42:03,围网
8121,31.62983333333333,122.78391666666666,8.1,116.0,2019-10-10 07:52:03,围网
8121,31.62144444444445,122.80636111111107,8.0,113.0,2019-10-10 08:02:02,围网
8121,31.61413888888889,122.83052777777776,7.5,107.0,2019-10-10 08:12:26,围网
8121,31.605722222222226,122.85216666666666,7.5,118.0,2019-10-10 08:22:02,围网
8121,31.589305555555548,122.86319444444445,7.2,170.0,2019-10-10 08:32:02,围网
8121,31.56891666666667,122.86602777777777,6.5,162.0,2019-10-10 08:42:02,围网
8121,31.571638888888888,122.86211111111106,2.0,301.0,2019-10-10 08:52:02,围网
8121,31.573611111111113,122.85602777777777,1.7,291.0,2019-10-10 09:02:02,围网
8121,31.580472222222234,122.83880555555555,2.3,305.0,2019-10-10 09:32:02,围网
8121,31.583305555555558,122.83330555555555,2.0,300.0,2019-10-10 09:42:02,围网
8121,31.586388888888887,122.82808333333332,1.7,311.0,2019-10-10 09:52:02,围网
8121,31.58988888888889,122.8232777777778,2.2,326.0,2019-10-10 10:02:02,围网
8121,31.59425,122.81925,2.0,319.0,2019-10-10 10:12:02,围网
8121,31.59894444444444,122.81577777777777,1.9,335.0,2019-10-10 10:22:02,围网
8121,31.60386111111111,122.81272222222222,2.0,337.0,2019-10-10 10:32:02,围网
8121,31.60913888888889,122.81044444444444,1.9,341.0,2019-10-10 10:42:02,围网
8121,31.61441666666667,122.80880555555555,1.8,338.0,2019-10-10 10:52:02,围网
8121,31.61930555555556,122.81391666666666,1.9,55.0,2019-10-10 11:02:02,围网
8121,31.621472222222234,122.82044444444445,2.2,0.0,2019-10-10 11:12:03,围网
8121,31.62319444444445,122.82688888888887,2.2,43.0,2019-10-10 11:22:03,围网
8121,31.62525,122.8327777777778,1.8,72.0,2019-10-10 11:32:02,围网
8121,31.626277777777766,122.83975,2.0,87.0,2019-10-10 11:42:24,围网
8121,31.62683333333333,122.84633333333332,2.1,93.0,2019-10-10 11:52:01,围网
8121,31.627,122.85308333333332,2.1,79.0,2019-10-10 12:02:01,围网
8121,31.62694444444445,122.8592777777778,2.3,87.0,2019-10-10 12:12:01,围网
8121,31.62744444444445,122.86619444444445,2.1,88.0,2019-10-10 12:22:01,围网
8121,31.62680555555556,122.86747222222219,4.4,277.0,2019-10-10 12:32:01,围网
8121,31.62661111111111,122.86844444444445,0.7,95.0,2019-10-10 12:42:01,围网
8121,31.62583333333333,122.87100000000001,1.3,78.0,2019-10-10 12:52:01,围网
8121,31.63044444444445,122.861,4.4,291.0,2019-10-10 13:02:01,围网
8121,31.6355,122.84861111111113,4.4,298.0,2019-10-10 13:12:01,围网
8121,31.641111111111112,122.83694444444444,4.2,306.0,2019-10-10 13:22:01,围网
8121,31.64544444444445,122.82427777777777,4.7,299.0,2019-10-10 13:32:01,围网
8121,31.65088888888889,122.81316666666666,2.5,333.0,2019-10-10 13:42:01,围网
8121,31.65486111111111,122.80941666666666,0.4,0.0,2019-10-10 13:52:01,围网
8121,31.657416666666666,122.80677777777777,3.6,290.0,2019-10-10 14:02:24,围网
8121,31.6595,122.80488888888893,1.2,109.0,2019-10-10 14:12:01,围网
8121,31.65783333333333,122.80763888888887,1.2,138.0,2019-10-10 14:22:01,围网
8121,31.65580555555556,122.80994444444444,1.3,133.0,2019-10-10 14:32:01,围网
8121,31.65433333333333,122.8115,1.0,99.0,2019-10-10 14:42:01,围网
8121,31.649361111111112,122.81619444444445,2.9,119.0,2019-10-10 14:52:01,围网
8121,31.64755555555556,122.82291666666666,2.1,105.0,2019-10-10 15:02:01,围网
8121,31.646027777777785,122.82905555555556,1.8,113.0,2019-10-10 15:12:01,围网
8121,31.644055555555553,122.83494444444445,1.6,123.0,2019-10-10 15:22:25,围网
8121,31.64177777777777,122.8402222222222,1.9,113.0,2019-10-10 15:32:01,围网
8121,31.63888888888889,122.84527777777777,1.9,131.0,2019-10-10 15:42:01,围网
8121,31.635444444444442,122.84988888888887,2.1,132.0,2019-10-10 15:52:01,围网
8121,31.631888888888888,122.85416666666666,1.7,130.0,2019-10-10 16:02:01,围网
8121,31.627722222222232,122.85766666666666,1.4,164.0,2019-10-10 16:12:01,围网
8121,31.62216666666667,122.85858333333331,2.2,174.0,2019-10-10 16:22:01,围网
8121,31.61630555555556,122.8574722222222,2.0,195.0,2019-10-10 16:32:01,围网
8121,31.611,122.85544444444444,2.0,200.0,2019-10-10 16:42:01,围网
8121,31.606305555555558,122.8520277777778,2.3,222.0,2019-10-10 16:52:01,围网
8121,31.603777777777786,122.84619444444445,1.6,266.0,2019-10-10 17:02:01,围网
8121,31.60386111111111,122.83983333333332,2.1,263.0,2019-10-10 17:12:01,围网
8121,31.60408333333333,122.83369444444445,1.6,278.0,2019-10-10 17:22:00,围网
8121,31.60430555555555,122.82738888888888,2.1,270.0,2019-10-10 17:32:00,围网
8121,31.60447222222223,122.8209722222222,2.1,262.0,2019-10-10 17:42:00,围网
8121,31.604833333333332,122.81444444444445,2.1,268.0,2019-10-10 17:52:00,围网
8121,31.60505555555555,122.8075,2.4,272.0,2019-10-10 18:02:24,围网
8121,31.605305555555557,122.8010277777778,1.6,273.0,2019-10-10 18:12:00,围网
8121,31.605694444444445,122.79430555555555,1.7,281.0,2019-10-10 18:22:00,围网
8121,31.60641666666667,122.79391666666666,2.3,68.0,2019-10-10 18:32:00,围网
8121,31.60691666666667,122.79186111111113,1.5,269.0,2019-10-10 18:42:00,围网
8121,31.60808333333333,122.78830555555555,1.1,300.0,2019-10-10 18:52:00,围网
8121,31.601388888888888,122.78944444444444,6.2,130.0,2019-10-10 19:02:00,围网
8121,31.57919444444445,122.81969444444445,5.8,126.0,2019-10-10 19:22:00,围网
8121,31.56883333333333,122.83491666666666,6.1,129.0,2019-10-10 19:32:00,围网
8121,31.55830555555556,122.84969444444445,6.1,132.0,2019-10-10 19:42:01,围网
8121,31.54391666666667,122.85886111111107,6.4,166.0,2019-10-10 19:52:13,围网
8121,31.526805555555555,122.86236111111107,6.2,165.0,2019-10-10 20:02:25,围网
8121,31.51075,122.86505555555556,6.3,175.0,2019-10-10 20:12:00,围网
8121,31.49416666666667,122.86855555555556,6.9,173.0,2019-10-10 20:22:00,围网
8121,31.47561111111111,122.87200000000001,7.1,170.0,2019-10-10 20:32:00,围网
8121,31.4615,122.87641666666666,2.5,168.0,2019-10-10 20:42:00,围网
8121,31.462972222222234,122.87269444444445,2.5,315.0,2019-10-10 20:52:00,围网
8121,31.46458333333333,122.86641666666664,1.4,291.0,2019-10-10 21:02:00,围网
8121,31.46622222222221,122.86055555555555,1.7,299.0,2019-10-10 21:12:00,围网
8121,31.46838888888889,122.8547222222222,1.1,306.0,2019-10-10 21:22:00,围网
8121,31.470861111111113,122.84927777777777,1.6,306.0,2019-10-10 21:32:00,围网
8121,31.47288888888889,122.84388888888887,1.5,292.0,2019-10-10 21:42:00,围网
8121,31.47558333333333,122.83880555555555,1.4,310.0,2019-10-10 21:52:00,围网
8121,31.47883333333333,122.83425,0.9,338.0,2019-10-10 22:02:00,围网
8121,31.48305555555556,122.83025,1.1,327.0,2019-10-10 22:12:00,围网
8121,31.48775,122.82686111111113,2.2,336.0,2019-10-10 22:22:00,围网
8121,31.493,122.82413888888887,1.7,0.0,2019-10-10 22:31:59,围网
8121,31.504555555555555,122.82183333333332,2.1,0.0,2019-10-10 22:52:00,围网
8121,31.51058333333333,122.82175,2.0,0.0,2019-10-10 23:02:13,围网
8121,31.516333333333336,122.82325,2.3,356.0,2019-10-10 23:12:25,围网
8121,31.521694444444442,122.82461111111112,2.3,348.0,2019-10-10 23:21:59,围网
8121,31.53758333333333,122.83166666666666,2.2,38.0,2019-10-10 23:51:59,围网
8121,31.551333333333336,122.84286111111106,2.1,50.0,2019-10-11 00:21:59,围网
8121,31.555277777777786,122.8474722222222,2.0,55.0,2019-10-11 00:31:59,围网
8121,31.55875,122.8523611111111,2.7,71.0,2019-10-11 00:41:59,围网
8121,31.56,122.85827777777777,0.0,0.0,2019-10-11 01:01:59,围网
8121,31.55991666666667,122.86016666666669,1.5,128.0,2019-10-11 01:11:59,围网
8121,31.55961111111111,122.86302777777777,1.7,0.0,2019-10-11 01:21:59,围网
8121,31.543722222222208,122.85305555555556,8.9,202.0,2019-10-11 01:31:59,围网
8121,31.522388888888887,122.84294444444444,8.2,204.0,2019-10-11 01:41:59,围网
8121,31.501166666666666,122.83219444444444,8.4,200.0,2019-10-11 01:51:59,围网
8121,31.47847222222222,122.82088888888887,8.3,204.0,2019-10-11 02:02:24,围网
8121,31.45744444444445,122.81097222222222,8.8,201.0,2019-10-11 02:12:00,围网
8121,31.436138888888888,122.79941666666666,8.3,209.0,2019-10-11 02:21:59,围网
8121,31.413472222222207,122.789,8.1,204.0,2019-10-11 02:32:14,围网
8121,31.391805555555553,122.7787777777778,8.3,203.0,2019-10-11 02:41:59,围网
8121,31.369194444444453,122.76736111111107,8.5,200.0,2019-10-11 02:52:25,围网
8121,31.348861111111113,122.75788888888887,7.9,202.0,2019-10-11 03:01:59,围网
8121,31.328527777777786,122.74636111111107,8.1,211.0,2019-10-11 03:11:59,围网
8121,31.307944444444445,122.73458333333332,8.0,208.0,2019-10-11 03:21:59,围网
8121,31.28725,122.72288888888887,8.5,199.0,2019-10-11 03:31:59,围网
8121,31.266333333333336,122.71330555555555,7.7,203.0,2019-10-11 03:41:59,围网
8121,31.24763888888889,122.701,7.9,208.0,2019-10-11 03:51:59,围网
8121,31.22947222222221,122.68894444444445,7.8,211.0,2019-10-11 04:01:58,围网
8121,31.211666666666666,122.67666666666668,7.5,213.0,2019-10-11 04:11:58,围网
8121,31.19308333333333,122.66491666666668,7.9,204.0,2019-10-11 04:21:58,围网
8121,31.174083333333336,122.65341666666669,7.4,201.0,2019-10-11 04:32:01,围网
8121,31.152916666666666,122.64394444444444,8.4,203.0,2019-10-11 04:41:58,围网
8121,31.13241666666667,122.63052777777777,8.3,224.0,2019-10-11 04:52:25,围网
8121,31.11602777777778,122.61563888888887,8.0,216.0,2019-10-11 05:01:58,围网
8121,31.09619444444445,122.60197222222222,8.9,210.0,2019-10-11 05:11:58,围网
8121,31.07577777777778,122.58891666666666,8.8,205.0,2019-10-11 05:21:58,围网
8121,31.057388888888887,122.57311111111113,8.0,224.0,2019-10-11 05:31:58,围网
8121,31.03991666666667,122.55630555555555,8.3,209.0,2019-10-11 05:41:58,围网
8121,31.021527777777766,122.53894444444445,8.6,228.0,2019-10-11 05:51:58,围网
8121,31.00161111111111,122.52286111111113,8.7,210.0,2019-10-11 06:01:58,围网
8121,30.98086111111111,122.50733333333334,8.9,214.0,2019-10-11 06:11:58,围网
8121,30.959722222222233,122.49088888888888,9.7,219.0,2019-10-11 06:21:58,围网
8121,30.93933333333333,122.47266666666668,9.3,220.0,2019-10-11 06:31:58,围网
8121,30.91802777777778,122.45483333333334,9.5,228.0,2019-10-11 06:41:58,围网
8121,30.898722222222233,122.43205555555555,9.8,229.0,2019-10-11 06:51:58,围网
8121,30.87933333333333,122.40899999999999,9.6,225.0,2019-10-11 07:01:58,围网
8121,30.838611111111113,122.3664722222222,9.5,211.0,2019-10-11 07:21:58,围网
8121,30.82011111111111,122.34200000000001,9.9,217.0,2019-10-11 07:32:00,围网
8121,30.79933333333333,122.32094444444445,9.5,210.0,2019-10-11 07:42:02,围网
8121,30.77986111111111,122.29955555555556,10.2,233.0,2019-10-11 07:51:59,围网
